   % Range crossline_E_amp crossline_E_phs inline_B_amp inline_B_phs  vertical_B_amp vertical_B_phs 
          0.0000  0.30014260E-06  179.82 0.30084019E-10 -179.43 0.79941888E-12    0.35
        250.0000  0.40972395E-08  178.80 0.96170235E-13 -147.16 0.14963956E-11    5.20
        500.0000  0.83144978E-09  178.85 0.79149974E-13 -160.07 0.37959592E-12   13.46
        750.0000  0.32076120E-09 -179.64 0.57060068E-13 -160.17 0.16190718E-12   22.69
       1000.0000  0.16245758E-09 -176.69 0.40652961E-13 -157.48 0.85494538E-13   32.29
       1250.0000  0.95086862E-10 -172.72 0.29681205E-13 -153.74 0.50581810E-13   41.95
       1500.0000  0.60629938E-10 -168.15 0.22238129E-13 -149.50 0.32074335E-13   51.50
       1750.0000  0.40828247E-10 -163.35 0.17024941E-13 -144.99 0.21292819E-13   60.87
       2000.0000  0.28528499E-10 -158.55 0.13258063E-13 -140.41 0.14594612E-13   69.97
       2250.0000  0.20466378E-10 -153.94 0.10463239E-13 -135.85 0.10237200E-13   78.77
       2500.0000  0.14975615E-10 -149.65 0.83447756E-14 -131.41 0.73044417E-14   87.23
       2750.0000  0.11130341E-10 -145.77 0.67116193E-14 -127.16 0.52790906E-14   95.32
       3000.0000  0.83812509E-11 -142.40 0.54358816E-14 -123.14 0.38524798E-14  103.01
       3250.0000  0.63852477E-11 -139.57 0.44291046E-14 -119.41 0.28321198E-14  110.27
       3500.0000  0.49190610E-11 -137.35 0.36282853E-14 -115.99 0.20936253E-14  117.05
       3750.0000  0.38324838E-11 -135.76 0.29873913E-14 -112.90 0.15542472E-14  123.31
       4000.0000  0.30216512E-11 -134.79 0.24720466E-14 -110.17 0.11575991E-14  129.00
       4250.0000  0.24130796E-11 -134.41 0.20561010E-14 -107.81 0.86448479E-15  134.05
       4500.0000  0.19537835E-11 -134.56 0.17193520E-14 -105.82 0.64720064E-15  138.38
       4750.0000  0.16049845E-11 -135.12 0.14459924E-14 -104.18 0.48588999E-15  141.93
       5000.0000  0.13380125E-11 -135.99 0.12235254E-14 -102.89 0.36614999E-15  144.59
       5250.0000  0.11315740E-11 -137.03 0.10419920E-14 -101.91 0.27742360E-15  146.29
       5500.0000  0.96987449E-12 -138.13 0.89340922E-15 -101.21 0.21189605E-15  146.96
       5750.0000  0.84126892E-12 -139.18 0.77135412E-15 -100.75 0.16372334E-15  146.61
       6000.0000  0.73724822E-12 -140.13 0.67065112E-15 -100.49 0.12848643E-15  145.29
       6250.0000  0.65165152E-12 -140.93 0.58713118E-15 -100.38 0.10280661E-15  143.19
       6500.0000  0.58004903E-12 -141.58 0.51744293E-15 -100.39 0.84083078E-16  140.58
       6750.0000  0.51926406E-12 -142.09 0.45890090E-15 -100.46 0.70322298E-16  137.79
       7000.0000  0.46701172E-12 -142.46 0.40936136E-15 -100.57 0.60026827E-16  135.12
       7250.0000  0.42163309E-12 -142.72 0.36711941E-15 -100.70 0.52110594E-16  132.79
       7500.0000  0.38190477E-12 -142.90 0.33082309E-15 -100.83 0.45818797E-16  130.90
       7750.0000  0.34690541E-12 -143.01 0.29940221E-15 -100.94 0.40648177E-16  129.48
       8000.0000  0.31592377E-12 -143.08 0.27200946E-15 -101.04 0.36274126E-16  128.49
       8250.0000  0.28839640E-12 -143.13 0.24797268E-15 -101.11 0.32491366E-16  127.85
       8500.0000  0.26386554E-12 -143.15 0.22675638E-15 -101.16 0.29170374E-16  127.48
       8750.0000  0.24195099E-12 -143.17 0.20793135E-15 -101.19 0.26227804E-16  127.31
       9000.0000  0.22233118E-12 -143.19 0.19115081E-15 -101.20 0.23607587E-16  127.28
       9250.0000  0.20473039E-12 -143.21 0.17613201E-15 -101.20 0.21269402E-16  127.33
       9500.0000  0.18890982E-12 -143.23 0.16264209E-15 -101.19 0.19181934E-16  127.42
       9750.0000  0.17466142E-12 -143.26 0.15048729E-15 -101.17 0.17319075E-16  127.53
      10000.0000  0.16180317E-12 -143.30 0.13950475E-15 -101.15 0.15657896E-16  127.63
      10250.0000  0.15017558E-12 -143.34 0.12955628E-15 -101.12 0.14177624E-16  127.70
      10500.0000  0.13963875E-12 -143.38 0.12052365E-15 -101.10 0.12859171E-16  127.75
      10750.0000  0.13006999E-12 -143.42 0.11230488E-15 -101.07 0.11684954E-16  127.77
      11000.0000  0.12136173E-12 -143.46 0.10481152E-15 -101.05 0.10638831E-16  127.76
      11250.0000  0.11341966E-12 -143.50 0.97966371E-16 -101.03 0.97060925E-17  127.72
      11500.0000  0.10616111E-12 -143.54 0.91701824E-16 -101.01 0.88734438E-17  127.67
      11750.0000  0.99513591E-13 -143.58 0.85958406E-16 -100.99 0.81289727E-17  127.59
      12000.0000  0.93413496E-13 -143.61 0.80683667E-16 -100.98 0.74620908E-17  127.51
      12250.0000  0.87804950E-13 -143.64 0.75831230E-16 -100.96 0.68634529E-17  127.42
      12500.0000  0.82638801E-13 -143.67 0.71359999E-16 -100.95 0.63248597E-17  127.32
      12750.0000  0.77871728E-13 -143.70 0.67233491E-16 -100.94 0.58391510E-17  127.23
      13000.0000  0.73465472E-13 -143.72 0.63419258E-16 -100.93 0.54000950E-17  127.14
      13250.0000  0.69386167E-13 -143.75 0.59888395E-16 -100.92 0.50022791E-17  127.06
      13500.0000  0.65603760E-13 -143.77 0.56615110E-16 -100.91 0.46410064E-17  126.98
      13750.0000  0.62091514E-13 -143.78 0.53576351E-16 -100.91 0.43121999E-17  126.91
      14000.0000  0.58825584E-13 -143.80 0.50751481E-16 -100.90 0.40123171E-17  126.84
      14250.0000  0.55784648E-13 -143.81 0.48121995E-16 -100.89 0.37382735E-17  126.78
      14500.0000  0.52949594E-13 -143.83 0.45671271E-16 -100.89 0.34873767E-17  126.73
      14750.0000  0.50303251E-13 -143.84 0.43384353E-16 -100.88 0.32572699E-17  126.68
      15000.0000  0.47830156E-13 -143.85 0.41247764E-16 -100.88 0.30458827E-17  126.64
   % Range crossline_B_amp crossline_B_phs inline_E_amp inline_E_phs  vertical_E_amp vertical_E_phs 
          0.0000  0.30090490E-10    0.57 0.29979011E-06  179.82 0.53109918E-08    0.13
        250.0000  0.91932272E-12    5.64 0.51197540E-08    5.77 0.11384911E-08    2.56
        500.0000  0.15377826E-12   13.68 0.10721360E-08   13.29 0.19143437E-09    7.51
        750.0000  0.34885128E-13   26.64 0.38798269E-09   21.21 0.58352048E-10   13.93
       1000.0000  0.66824964E-14   66.53 0.17662742E-09   29.26 0.23028279E-10   21.53
       1250.0000  0.50130648E-14  163.00 0.91690488E-10   37.17 0.10545125E-10   30.21
       1500.0000  0.62161682E-14 -172.19 0.51839099E-10   44.71 0.53547450E-11   39.90
       1750.0000  0.60027605E-14 -161.15 0.31080174E-10   51.68 0.29475838E-11   50.39
       2000.0000  0.52976314E-14 -153.21 0.19417603E-10   57.91 0.17324757E-11   61.41
       2250.0000  0.45082227E-14 -146.52 0.12488837E-10   63.27 0.10734078E-11   72.68
       2500.0000  0.37770859E-14 -140.53 0.82000384E-11   67.58 0.69299709E-12   84.00
       2750.0000  0.31441911E-14 -135.05 0.54670002E-11   70.64 0.46159426E-12   95.26
       3000.0000  0.26118172E-14 -130.01 0.36922876E-11   72.20 0.31471682E-12  106.41
       3250.0000  0.21697027E-14 -125.38 0.25293626E-11   71.93 0.21833795E-12  117.46
       3500.0000  0.18046241E-14 -121.14 0.17682683E-11   69.57 0.15346728E-12  128.43
       3750.0000  0.15038606E-14 -117.29 0.12762788E-11   65.02 0.10895418E-12  139.35
       4000.0000  0.12562701E-14 -113.84 0.96497801E-12   58.70 0.77958521E-13  150.23
       4250.0000  0.10524605E-14 -110.79 0.77177004E-12   51.61 0.56130194E-13  161.11
       4500.0000  0.88464310E-15 -108.13 0.65110964E-12   44.99 0.40621497E-13  171.99
       4750.0000  0.74640091E-15 -105.86 0.57152136E-12   39.68 0.29525183E-13 -177.10
       5000.0000  0.63245653E-15 -103.97 0.51357273E-12   35.92 0.21540689E-13 -166.16
       5250.0000  0.53846849E-15 -102.45 0.46667198E-12   33.55 0.15768452E-13 -155.17
       5500.0000  0.46086139E-15 -101.26 0.42565545E-12   32.25 0.11579162E-13 -144.13
       5750.0000  0.39668753E-15 -100.39 0.38825965E-12   31.73 0.85285280E-14 -133.02
       6000.0000  0.34351546E-15  -99.80 0.35361419E-12   31.72 0.63005361E-14 -121.83
       6250.0000  0.29934031E-15  -99.44 0.32144960E-12   32.04 0.46690400E-14 -110.56
       6500.0000  0.26251134E-15  -99.28 0.29171409E-12   32.56 0.34713870E-14  -99.21
       6750.0000  0.23167302E-15  -99.26 0.26440216E-12   33.17 0.25901026E-14  -87.77
       7000.0000  0.20571628E-15  -99.35 0.23948688E-12   33.81 0.19400464E-14  -76.25
       7250.0000  0.18373775E-15  -99.52 0.21690042E-12   34.42 0.14593325E-14  -64.65
       7500.0000  0.16500509E-15  -99.73 0.19653531E-12   34.98 0.11028690E-14  -53.00
       7750.0000  0.14892734E-15  -99.95 0.17825347E-12   35.47 0.83773354E-15  -41.29
       8000.0000  0.13502953E-15 -100.17 0.16189696E-12   35.88 0.63984804E-15  -29.58
       8250.0000  0.12293096E-15 -100.37 0.14729785E-12   36.20 0.49157778E-15  -17.87
       8500.0000  0.11232689E-15 -100.55 0.13428630E-12   36.45 0.37999145E-15   -6.21
       8750.0000  0.10297329E-15 -100.71 0.12269666E-12   36.63 0.29559652E-15    5.36
       9000.0000  0.94674267E-16 -100.83 0.11237179E-12   36.74 0.23141748E-15   16.80
       9250.0000  0.87271933E-16 -100.93 0.10316581E-12   36.80 0.18232248E-15   28.08
       9500.0000  0.80638252E-16 -101.00 0.94945656E-13   36.82 0.14453055E-15   39.15
       9750.0000  0.74668636E-16 -101.04 0.87591675E-13   36.80 0.11525065E-15   49.99
      10000.0000  0.69276924E-16 -101.07 0.80997479E-13   36.76 0.92417058E-16   60.57
      10250.0000  0.64391478E-16 -101.09 0.75069373E-13   36.71 0.74495657E-16   70.86
      10500.0000  0.59952168E-16 -101.09 0.69725435E-13   36.64 0.60342147E-16   80.86
      10750.0000  0.55908055E-16 -101.08 0.64894431E-13   36.57 0.49098504E-16   90.56
      11000.0000  0.52215596E-16 -101.07 0.60514662E-13   36.50 0.40117441E-16   99.96
      11250.0000  0.48837267E-16 -101.05 0.56532816E-13   36.43 0.32907351E-16  109.05
      11500.0000  0.45740493E-16 -101.03 0.52902873E-13   36.37 0.27092199E-16  117.85
      11750.0000  0.42896813E-16 -101.01 0.49585102E-13   36.30 0.22382237E-16  126.36
      12000.0000  0.40281223E-16 -100.99 0.46545161E-13   36.25 0.18552595E-16  134.61
      12250.0000  0.37871650E-16 -100.97 0.43753305E-13   36.20 0.15427544E-16  142.60
      12500.0000  0.35648534E-16 -100.94 0.41183697E-13   36.15 0.12868872E-16  150.36
      12750.0000  0.33594482E-16 -100.92 0.38813827E-13   36.12 0.10767237E-16  157.90
      13000.0000  0.31693987E-16 -100.91 0.36624008E-13   36.08 0.90356888E-17  165.23
      13250.0000  0.29933187E-16 -100.89 0.34596960E-13   36.06 0.76047645E-17  172.39
      13500.0000  0.28299667E-16 -100.87 0.32717457E-13   36.03 0.64187545E-17  179.39
      13750.0000  0.26782284E-16 -100.86 0.30972034E-13   36.01 0.54328257E-17 -173.75
      14000.0000  0.25371024E-16 -100.85 0.29348737E-13   35.99 0.46107920E-17 -167.02
      14250.0000  0.24056871E-16 -100.84 0.27836921E-13   35.98 0.39233701E-17 -160.38
      14500.0000  0.22831697E-16 -100.83 0.26427072E-13   35.97 0.33468067E-17 -153.84
      14750.0000  0.21688160E-16 -100.82 0.25110664E-13   35.96 0.28617920E-17 -147.37
      15000.0000  0.20619625E-16 -100.81 0.23880034E-13   35.95 0.24525941E-17 -140.95
   % Range crossline_B_amp crossline_B_phs inline_E_amp inline_E_phs  vertical_E_amp vertical_E_phs 
          0.0000  0.36322435E-12 -179.72 0.17537467E-07    0.16 0.17332130E-06    0.28
        250.0000  0.39592587E-12 -177.14 0.70445641E-10  179.69 0.60107490E-09 -179.65
        500.0000  0.59692406E-13 -172.17 0.10049717E-09 -173.21 0.53513400E-10 -178.35
        750.0000  0.17775451E-13 -165.73 0.32597145E-10 -166.79 0.12237924E-10 -175.56
       1000.0000  0.69569026E-14 -158.12 0.13099055E-10 -159.18 0.40982233E-11 -171.47
       1250.0000  0.31721878E-14 -149.43 0.60512498E-11 -150.49 0.16711346E-11 -166.37
       1500.0000  0.16064014E-14 -139.75 0.30898054E-11 -140.81 0.77050437E-12 -160.36
       1750.0000  0.88247948E-15 -129.25 0.17076496E-11 -130.33 0.38869384E-12 -153.40
       2000.0000  0.51788924E-15 -118.22 0.10067402E-11 -119.32 0.21106327E-12 -145.48
       2250.0000  0.32050469E-15 -106.93 0.62516876E-12 -108.08 0.12204678E-12 -136.68
       2500.0000  0.20674748E-15  -95.59 0.40427030E-12  -96.79 0.74435342E-13 -127.18
       2750.0000  0.13763111E-15  -84.32 0.26958546E-12  -85.55 0.47426898E-13 -117.19
       3000.0000  0.93799854E-16  -73.16 0.18394912E-12  -74.42 0.31283328E-13 -106.88
       3250.0000  0.65056637E-16  -62.10 0.12768574E-12  -63.39 0.21192513E-13  -96.40
       3500.0000  0.45718784E-16  -51.12 0.89782786E-13  -52.43 0.14649535E-13  -85.82
       3750.0000  0.32453627E-16  -40.20 0.63758506E-13  -41.52 0.10282129E-13  -75.19
       4000.0000  0.23218769E-16  -29.31 0.45629281E-13  -30.64 0.73007496E-14  -64.53
       4250.0000  0.16716250E-16  -18.43 0.32858046E-13  -19.77 0.52302413E-14  -53.85
       4500.0000  0.12096839E-16   -7.54 0.23782232E-13   -8.89 0.37732291E-14  -43.14
       4750.0000  0.87919809E-17    3.36 0.17287482E-13    2.01 0.27374171E-14  -32.42
       5000.0000  0.64140862E-17   14.30 0.12613496E-13   12.95 0.19951249E-14  -21.67
       5250.0000  0.46951232E-17   25.29 0.92341788E-14   23.94 0.14597728E-14  -10.90
       5500.0000  0.34476135E-17   36.34 0.67813809E-14   34.98 0.10716673E-14   -0.10
       5750.0000  0.25392127E-17   47.45 0.49951286E-14   46.09 0.78910561E-15   10.73
       6000.0000  0.18757958E-17   58.64 0.36904780E-14   57.28 0.58264641E-15   21.60
       6250.0000  0.13900094E-17   69.91 0.27350609E-14   68.55 0.43132796E-15   32.50
       6500.0000  0.10334133E-17   81.26 0.20336640E-14   79.90 0.32012318E-15   43.44
       6750.0000  0.77102302E-18   92.70 0.15175143E-14   91.34 0.23819866E-15   54.43
       7000.0000  0.57748446E-18  104.22 0.11367648E-14  102.86 0.17770805E-15   65.46
       7250.0000  0.43436896E-18  115.82 0.85518180E-15  114.45 0.13294649E-15   76.52
       7500.0000  0.32824910E-18  127.48 0.64636286E-15  126.11 0.99752746E-16   87.62
       7750.0000  0.24932150E-18  139.18 0.49103054E-15  137.80 0.75083275E-16   98.76
       8000.0000  0.19041648E-18  150.90 0.37508568E-15  149.52 0.56706852E-16  109.91
       8250.0000  0.14628309E-18  162.61 0.28820174E-15  161.22 0.42984509E-16  121.07
       8500.0000  0.11307091E-18  174.27 0.22280617E-15  172.87 0.32710218E-16  132.22
       8750.0000  0.87953541E-19 -174.16 0.17333997E-15 -175.57 0.24995157E-16  143.35
       9000.0000  0.68854043E-19 -162.71 0.13571796E-15 -164.13 0.19183337E-16  154.43
       9250.0000  0.54244485E-19 -151.43 0.10693452E-15 -152.87 0.14789955E-16  165.43
       9500.0000  0.42999188E-19 -140.35 0.84775077E-16 -141.80 0.11456233E-16  176.34
       9750.0000  0.34287228E-19 -129.51 0.67604679E-16 -130.97 0.89162801E-17 -172.89
      10000.0000  0.27493664E-19 -118.92 0.54213142E-16 -120.41 0.69727316E-17 -162.27
      10250.0000  0.22161834E-19 -108.62 0.43701581E-16 -110.12 0.54788243E-17 -151.83
      10500.0000  0.17951145E-19  -98.62 0.35399420E-16 -100.13 0.43251911E-17 -141.59
      10750.0000  0.14606234E-19  -88.91 0.28803758E-16  -90.44 0.34301270E-17 -131.59
      11000.0000  0.11934472E-19  -79.51 0.23535142E-16  -81.06 0.27324120E-17 -121.83
      11250.0000  0.97895757E-20  -70.42 0.19305337E-16  -71.97 0.21860180E-17 -112.33
      11500.0000  0.80596583E-20  -61.61 0.15893828E-16  -63.18 0.17562040E-17 -103.10
      11750.0000  0.66585153E-20  -53.09 0.13130682E-16  -54.68 0.14166347E-17  -94.14
      12000.0000  0.55192476E-20  -44.84 0.10883995E-16  -46.44 0.11472541E-17  -85.47
      12250.0000  0.45895787E-20  -36.84 0.90506792E-17  -38.45 0.93271310E-18  -77.07
      12500.0000  0.38283940E-20  -29.08 0.75496490E-17  -30.70 0.76120592E-18  -68.95
      12750.0000  0.32031683E-20  -21.54 0.63167534E-17  -23.17 0.62360662E-18  -61.09
      13000.0000  0.26880368E-20  -14.20 0.53009761E-17  -15.84 0.51282636E-18  -53.49
      13250.0000  0.22623370E-20   -7.04 0.44615615E-17   -8.69 0.42333311E-18  -46.12
      13500.0000  0.19094972E-20   -0.04 0.37658234E-17   -1.70 0.35079117E-18  -38.98
      13750.0000  0.16161811E-20    6.82 0.31874577E-17    5.16 0.29178904E-18  -32.03
      14000.0000  0.13716242E-20   13.56 0.27052342E-17   11.89 0.24363302E-18  -25.27
      14250.0000  0.11671151E-20   20.19 0.23019734E-17   18.52 0.20418961E-18  -18.67
      14500.0000  0.99558755E-21   26.74 0.19637404E-17   25.06 0.17176436E-18  -12.21
      14750.0000  0.85129690E-21   33.21 0.16792077E-17   31.53 0.14500832E-18   -5.86
      15000.0000  0.72956283E-21   39.63 0.14391470E-17   37.94 0.12284529E-18    0.39
