   % Range crossline_E_amp crossline_E_phs inline_B_amp inline_B_phs  vertical_B_amp vertical_B_phs 
          0.0000  0.30103708E-06  179.39 0.29945824E-10 -177.87 0.79842617E-12    1.39
        250.0000  0.44554074E-08 -178.44 0.13637145E-12  -87.02 0.14176231E-11   18.55
        500.0000  0.95185932E-09 -165.87 0.56946624E-13 -116.40 0.31489073E-12   43.76
        750.0000  0.35123583E-09 -150.54 0.37400211E-13 -124.30 0.11289685E-12   68.62
       1000.0000  0.15778173E-09 -135.51 0.25406380E-13 -120.57 0.48839610E-13   92.15
       1250.0000  0.77698578E-10 -122.27 0.17321700E-13 -113.30 0.23183732E-13  114.09
       1500.0000  0.40176989E-10 -111.83 0.11844794E-13 -105.21 0.11552109E-13  134.28
       1750.0000  0.21466525E-10 -105.19 0.81335687E-14  -97.51 0.58852901E-14  152.55
       2000.0000  0.11925464E-10 -103.41 0.56207220E-14  -90.83 0.30069667E-14  168.58
       2250.0000  0.71093810E-11 -106.82 0.39226644E-14  -85.55 0.15146849E-14 -178.25
       2500.0000  0.47350102E-11 -113.60 0.27783970E-14  -81.82 0.73995508E-15 -169.30
       2750.0000  0.35294801E-11 -120.14 0.20089180E-14  -79.62 0.34823107E-15 -167.70
       3000.0000  0.28213642E-11 -124.23 0.14907101E-14  -78.73 0.16897704E-15 -179.38
       3250.0000  0.23202487E-11 -125.95 0.11386283E-14  -78.74 0.10884458E-15  157.33
       3500.0000  0.19233298E-11 -126.20 0.89478600E-15  -79.22 0.94666574E-16  141.95
       3750.0000  0.15973102E-11 -125.78 0.72090801E-15  -79.81 0.85736369E-16  137.58
       4000.0000  0.13292818E-11 -125.19 0.59254749E-15  -80.30 0.74610614E-16  138.19
       4250.0000  0.11108430E-11 -124.69 0.49453219E-15  -80.62 0.62570010E-16  140.42
       4500.0000  0.93418847E-12 -124.36 0.41754540E-15  -80.77 0.51253720E-16  142.84
       4750.0000  0.79177363E-12 -124.21 0.35578249E-15  -80.81 0.41506817E-16  144.82
       5000.0000  0.67673237E-12 -124.19 0.30548400E-15  -80.78 0.33549006E-16  146.14
       5250.0000  0.58321926E-12 -124.24 0.26408096E-15  -80.72 0.27253521E-16  146.82
       5500.0000  0.50651801E-12 -124.33 0.22971999E-15  -80.67 0.22347735E-16  147.00
       5750.0000  0.44296440E-12 -124.41 0.20100477E-15  -80.62 0.18532351E-16  146.88
       6000.0000  0.38977380E-12 -124.48 0.17685281E-15  -80.59 0.15541531E-16  146.62
       6250.0000  0.34484655E-12 -124.54 0.15641153E-15  -80.56 0.13164583E-16  146.34
       6500.0000  0.30659329E-12 -124.58 0.13900417E-15  -80.55 0.11245644E-16  146.10
       6750.0000  0.27379646E-12 -124.61 0.12409143E-15  -80.54 0.96735975E-17  145.93
       7000.0000  0.24550823E-12 -124.64 0.11124222E-15  -80.53 0.83699895E-17  145.81
       7250.0000  0.22097847E-12 -124.66 0.10011074E-15  -80.53 0.72787225E-17  145.74
       7500.0000  0.19960475E-12 -124.67 0.90418232E-16  -80.52 0.63585663E-17  145.70
       7750.0000  0.18089751E-12 -124.69 0.81938706E-16  -80.52 0.55782147E-17  145.67
       8000.0000  0.16445522E-12 -124.70 0.74487693E-16  -80.51 0.49131880E-17  145.64
       8250.0000  0.14994622E-12 -124.72 0.67913602E-16  -80.51 0.43439216E-17  145.61
       8500.0000  0.13709504E-12 -124.73 0.62091018E-16  -80.50 0.38545593E-17  145.58
       8750.0000  0.12567168E-12 -124.74 0.56915519E-16  -80.50 0.34321465E-17  145.56
       9000.0000  0.11548323E-12 -124.75 0.52299653E-16  -80.49 0.30660510E-17  145.53
       9250.0000  0.10636721E-12 -124.76 0.48169784E-16  -80.49 0.27475202E-17  145.51
       9500.0000  0.98186072E-13 -124.77 0.44463600E-16  -80.48 0.24693285E-17  145.48
       9750.0000  0.90822948E-13 -124.78 0.41128135E-16  -80.48 0.22254914E-17  145.46
      10000.0000  0.84178075E-13 -124.79 0.38118168E-16  -80.48 0.20110343E-17  145.44
      10250.0000  0.78165950E-13 -124.79 0.35394939E-16  -80.48 0.18218043E-17  145.42
      10500.0000  0.72713010E-13 -124.80 0.32925096E-16  -80.47 0.16543195E-17  145.41
      10750.0000  0.67755724E-13 -124.81 0.30679836E-16  -80.47 0.15056475E-17  145.39
      11000.0000  0.63239029E-13 -124.81 0.28634198E-16  -80.47 0.13733080E-17  145.38
      11250.0000  0.59115044E-13 -124.82 0.26766476E-16  -80.47 0.12551943E-17  145.36
      11500.0000  0.55342000E-13 -124.82 0.25057740E-16  -80.46 0.11495102E-17  145.35
      11750.0000  0.51883346E-13 -124.83 0.23491424E-16  -80.46 0.10547189E-17  145.34
      12000.0000  0.48707006E-13 -124.83 0.22052993E-16  -80.46 0.96950041E-18  145.33
      12250.0000  0.45784752E-13 -124.84 0.20729654E-16  -80.46 0.89271785E-18  145.31
      12500.0000  0.43091676E-13 -124.84 0.19510122E-16  -80.46 0.82338864E-18  145.30
      12750.0000  0.40605744E-13 -124.85 0.18384414E-16  -80.46 0.76066119E-18  145.29
      13000.0000  0.38307417E-13 -124.85 0.17343677E-16  -80.45 0.70379527E-18  145.29
      13250.0000  0.36179325E-13 -124.85 0.16380042E-16  -80.45 0.65214568E-18  145.28
      13500.0000  0.34205994E-13 -124.86 0.15486499E-16  -80.45 0.60514861E-18  145.27
      13750.0000  0.32373606E-13 -124.86 0.14656788E-16  -80.45 0.56231005E-18  145.26
      14000.0000  0.30669800E-13 -124.86 0.13885309E-16  -80.45 0.52319616E-18  145.25
      14250.0000  0.29083491E-13 -124.87 0.13167041E-16  -80.45 0.48742496E-18  145.25
      14500.0000  0.27604723E-13 -124.87 0.12497475E-16  -80.45 0.45465942E-18  145.24
      14750.0000  0.26224535E-13 -124.87 0.11872552E-16  -80.45 0.42460151E-18  145.24
      15000.0000  0.24934846E-13 -124.87 0.11288611E-16  -80.45 0.39698710E-18  145.23
   % Range crossline_B_amp crossline_B_phs inline_E_amp inline_E_phs  vertical_E_amp vertical_E_phs 
          0.0000  0.29952242E-10    2.13 0.30068455E-06  179.39 0.53106840E-08    0.51
        250.0000  0.85578644E-12   19.57 0.47349930E-08   18.87 0.11186387E-08    9.78
        500.0000  0.12656755E-12   44.97 0.86590692E-09   39.56 0.17679935E-09   27.11
        750.0000  0.25811359E-13   84.76 0.26447355E-09   58.27 0.48832351E-10   47.66
       1000.0000  0.90139260E-14  156.89 0.98056319E-10   74.45 0.16979525E-10   69.98
       1250.0000  0.72260291E-14 -152.31 0.39787915E-10   87.08 0.66855584E-11   93.56
       1500.0000  0.57799107E-14 -127.01 0.16827546E-10   94.36 0.28574714E-11  118.26
       1750.0000  0.42942003E-14 -110.45 0.73842861E-11   92.84 0.13027939E-11  143.88
       2000.0000  0.30720159E-14  -98.22 0.37192907E-11   79.14 0.62839634E-12  170.11
       2250.0000  0.21632537E-14  -89.06 0.25290824E-11   60.97 0.31850469E-12 -163.49
       2500.0000  0.15206636E-14  -82.53 0.20957882E-11   50.89 0.16825995E-12 -137.34
       2750.0000  0.10792353E-14  -78.40 0.17897858E-11   48.17 0.91803600E-13 -111.68
       3000.0000  0.78138184E-15  -76.40 0.15031921E-11   48.82 0.51289466E-13  -86.59
       3250.0000  0.58213725E-15  -76.09 0.12410799E-11   50.62 0.29138890E-13  -62.04
       3500.0000  0.44835977E-15  -76.84 0.10149845E-11   52.51 0.16749195E-13  -37.94
       3750.0000  0.35672283E-15  -78.03 0.82841428E-12   54.06 0.97069404E-14  -14.19
       4000.0000  0.29166755E-15  -79.18 0.67881448E-12   55.12 0.56589646E-14    9.33
       4250.0000  0.24340472E-15  -80.03 0.56076109E-12   55.70 0.33135866E-14   32.67
       4500.0000  0.20606542E-15  -80.55 0.46811598E-12   55.92 0.19468178E-14   55.90
       4750.0000  0.17621071E-15  -80.79 0.39519255E-12   55.91 0.11468612E-14   79.07
       5000.0000  0.15179986E-15  -80.85 0.33725498E-12   55.77 0.67705960E-15  102.20
       5250.0000  0.13155995E-15  -80.80 0.29061743E-12   55.61 0.40039578E-15  125.31
       5500.0000  0.11463442E-15  -80.72 0.25253387E-12   55.46 0.23710343E-15  148.43
       5750.0000  0.10039951E-15  -80.63 0.22100752E-12   55.35 0.14054722E-15  171.57
       6000.0000  0.88372305E-16  -80.56 0.19459644E-12   55.28 0.83367895E-16 -165.26
       6250.0000  0.78165112E-16  -80.51 0.17225118E-12   55.24 0.49468562E-16 -142.04
       6500.0000  0.69461696E-16  -80.49 0.15319349E-12   55.22 0.29355269E-16 -118.75
       6750.0000  0.62003215E-16  -80.47 0.13683211E-12   55.20 0.17416601E-16  -95.36
       7000.0000  0.55578217E-16  -80.47 0.12270664E-12   55.20 0.10329906E-16  -71.82
       7250.0000  0.50014480E-16  -80.46 0.11045091E-12   55.20 0.61247915E-17  -48.09
       7500.0000  0.45171969E-16  -80.46 0.99768853E-13   55.19 0.36313867E-17  -24.11
       7750.0000  0.40936748E-16  -80.46 0.90418370E-13   55.19 0.21545179E-17    0.20
       8000.0000  0.37215840E-16  -80.46 0.82199891E-13   55.18 0.12808928E-17   24.93
       8250.0000  0.33933001E-16  -80.46 0.74948005E-13   55.17 0.76478245E-18   50.16
       8500.0000  0.31025330E-16  -80.46 0.68525017E-13   55.17 0.46013718E-18   75.94
       8750.0000  0.28440592E-16  -80.46 0.62815860E-13   55.16 0.28022844E-18  102.26
       9000.0000  0.26135123E-16  -80.46 0.57724000E-13   55.15 0.17364001E-18  128.98
       9250.0000  0.24072199E-16  -80.45 0.53168123E-13   55.15 0.10998497E-18  155.84
       9500.0000  0.22220761E-16  -80.45 0.49079444E-13   55.14 0.71405847E-19 -177.56
       9750.0000  0.20554404E-16  -80.45 0.45399525E-13   55.14 0.47501077E-19 -151.65
      10000.0000  0.19050580E-16  -80.45 0.42078503E-13   55.14 0.32274647E-19 -126.82
      10250.0000  0.17689955E-16  -80.45 0.39073657E-13   55.13 0.22292682E-19 -103.29
      10500.0000  0.16455886E-16  -80.45 0.36348233E-13   55.13 0.15579704E-19  -81.18
      10750.0000  0.15333995E-16  -80.45 0.33870492E-13   55.13 0.10975909E-19  -60.48
      11000.0000  0.14311820E-16  -80.44 0.31612926E-13   55.12 0.77765415E-20  -41.13
      11250.0000  0.13378523E-16  -80.44 0.29551615E-13   55.12 0.55352854E-20  -23.03
      11500.0000  0.12524650E-16  -80.44 0.27665690E-13   55.12 0.39582231E-20   -6.10
      11750.0000  0.11741926E-16  -80.44 0.25936888E-13   55.11 0.28456983E-20    9.77
      12000.0000  0.11023092E-16  -80.44 0.24349182E-13   55.11 0.20593183E-20   24.70
      12250.0000  0.10361760E-16  -80.44 0.22888465E-13   55.11 0.15020088E-20   38.80
      12500.0000  0.97522920E-17  -80.44 0.21542292E-13   55.11 0.11054416E-20   52.20
      12750.0000  0.91897021E-17  -80.44 0.20299652E-13   55.11 0.82151654E-21   65.03
      13000.0000  0.86695679E-17  -80.44 0.19150778E-13   55.10 0.61652127E-21   77.42
      13250.0000  0.81879589E-17  -80.44 0.18086992E-13   55.10 0.46693163E-21   89.47
      13500.0000  0.77413731E-17  -80.44 0.17100559E-13   55.10 0.35642408E-21  101.26
      13750.0000  0.73266836E-17  -80.44 0.16184574E-13   55.10 0.27369790E-21  112.85
      14000.0000  0.69410928E-17  -80.44 0.15332859E-13   55.10 0.21093495E-21  124.26
      14250.0000  0.65820925E-17  -80.43 0.14539874E-13   55.10 0.16271036E-21  135.51
      14500.0000  0.62474294E-17  -80.43 0.13800643E-13   55.10 0.12523227E-21  146.61
      14750.0000  0.59350755E-17  -80.43 0.13110687E-13   55.09 0.95831444E-22  157.58
      15000.0000  0.56432025E-17  -80.43 0.12465968E-13   55.09 0.72603624E-22  168.50
   % Range crossline_B_amp crossline_B_phs inline_E_amp inline_E_phs  vertical_E_amp vertical_E_phs 
          0.0000  0.36309230E-12 -178.89 0.17536393E-07    0.64 0.17325826E-06    1.11
        250.0000  0.38951944E-12 -168.96 0.65008766E-10  173.69 0.61264260E-09 -177.99
        500.0000  0.55206681E-13 -151.52 0.92702190E-10 -156.00 0.56456966E-10 -169.97
        750.0000  0.14892952E-13 -130.87 0.27284215E-10 -135.42 0.12892610E-10 -155.50
       1000.0000  0.51350440E-14 -108.49 0.96645080E-11 -113.12 0.41273883E-11 -137.02
       1250.0000  0.20132652E-14  -84.87 0.38394933E-11  -89.55 0.15551483E-11 -116.32
       1500.0000  0.85808463E-15  -60.16 0.16504070E-11  -64.87 0.64439652E-12  -94.20
       1750.0000  0.39036503E-15  -34.51 0.75579250E-12  -39.26 0.28509405E-12  -70.94
       2000.0000  0.18794785E-15   -8.25 0.36589881E-12  -13.07 0.13296082E-12  -46.75
       2250.0000  0.95124225E-16   18.19 0.18601019E-12   13.26 0.64977130E-13  -21.87
       2500.0000  0.50199666E-16   44.39 0.98483994E-13   39.34 0.33122894E-13    3.37
       2750.0000  0.27370396E-16   70.10 0.53814917E-13   64.92 0.17516687E-13   28.65
       3000.0000  0.15285160E-16   95.22 0.30094580E-13   89.94 0.95471363E-14   53.71
       3250.0000  0.86818915E-17  119.80 0.17107383E-13  114.43 0.53266068E-14   78.43
       3500.0000  0.49897881E-17  143.93 0.98367128E-14  138.49 0.30239411E-14  102.77
       3750.0000  0.28916335E-17  167.70 0.57019333E-14  162.22 0.17384561E-14  126.77
       4000.0000  0.16857130E-17 -168.78 0.33244974E-14 -174.29 0.10085258E-14  150.49
       4250.0000  0.98704450E-18 -145.43 0.19467854E-14 -150.97 0.58892434E-15  174.00
       4500.0000  0.57990639E-18 -122.19 0.11438422E-14 -127.74 0.34556813E-15 -162.64
       4750.0000  0.34161621E-18  -99.02 0.67385656E-15 -104.58 0.20351477E-15 -139.38
       5000.0000  0.20167396E-18  -75.89 0.39782859E-15  -81.46 0.12019563E-15 -116.17
       5250.0000  0.11926364E-18  -52.77 0.23527109E-15  -58.34 0.71146768E-16  -93.00
       5500.0000  0.70624026E-19  -29.65 0.13932355E-15  -35.23 0.42189298E-16  -69.83
       5750.0000  0.41863302E-19   -6.52 0.82587500E-16  -12.09 0.25053984E-16  -46.66
       6000.0000  0.24831735E-19   16.65 0.48988518E-16   11.08 0.14895357E-16  -23.46
       6250.0000  0.14734473E-19   39.87 0.29068795E-16   34.31 0.88637020E-17   -0.23
       6500.0000  0.87435500E-20   63.16 0.17249899E-16   57.60 0.52780854E-17   23.05
       6750.0000  0.51875164E-20   86.55 0.10234575E-16   81.00 0.31445693E-17   46.40
       7000.0000  0.30766810E-20  110.08 0.60703840E-17  104.55 0.18742316E-17   69.83
       7250.0000  0.18241458E-20  133.80 0.35994699E-17  128.29 0.11175248E-17   93.38
       7500.0000  0.10814573E-20  157.78 0.21343749E-17  152.28 0.66668073E-18  117.06
       7750.0000  0.64155506E-21 -177.92 0.12665895E-17  176.61 0.39805962E-18  140.93
       8000.0000  0.38133841E-21 -153.19 0.75325043E-18 -158.64 0.23802007E-18  165.01
       8250.0000  0.22761623E-21 -127.97 0.44996321E-18 -133.39 0.14267393E-18 -170.65
       8500.0000  0.13688706E-21 -102.20 0.27090989E-18 -107.60 0.85857364E-19 -146.02
       8750.0000  0.83318057E-22  -75.88 0.16513281E-18  -81.29 0.51973272E-19 -121.09
       9000.0000  0.51593592E-22  -49.14 0.10242596E-18  -54.58 0.31727424E-19  -95.90
       9250.0000  0.32660668E-22  -22.24 0.64941659E-19  -27.76 0.19586139E-19  -70.51
       9500.0000  0.21197454E-22    4.42 0.42194904E-19   -1.22 0.12259403E-19  -45.08
       9750.0000  0.14102744E-22   30.39 0.28080482E-19   24.60 0.77953772E-20  -19.83
      10000.0000  0.95883466E-23   55.29 0.19078987E-19   49.36 0.50391931E-20    4.99
      10250.0000  0.66304522E-23   78.86 0.13173386E-19   72.81 0.33092887E-20   29.11
      10500.0000  0.46408281E-23  100.99 0.92012268E-20   94.87 0.22036530E-20   52.31
      10750.0000  0.32748949E-23  121.67 0.64783288E-20  115.54 0.14842547E-20   74.43
      11000.0000  0.23238803E-23  140.94 0.45877739E-20  134.88 0.10087033E-20   95.35
      11250.0000  0.16559495E-23  158.90 0.32649501E-20  152.98 0.69035042E-21  115.03
      11500.0000  0.11844833E-23  175.65 0.23353418E-20  169.93 0.47525710E-21  133.46
      11750.0000  0.85071435E-24 -168.73 0.16803901E-20 -174.16 0.32901849E-21  150.64
      12000.0000  0.61390322E-24 -154.09 0.12179574E-20 -159.18 0.22918847E-21  166.63
      12250.0000  0.44545109E-24 -140.30 0.89051924E-21 -145.03 0.16084375E-21 -178.50
      12500.0000  0.32517843E-24 -127.21 0.65766377E-21 -131.57 0.11390662E-21 -164.65
      12750.0000  0.23884796E-24 -114.64 0.49101557E-21 -118.67 0.81551736E-22 -151.64
      13000.0000  0.17645342E-24 -102.39 0.37074573E-21 -106.22 0.59110529E-22 -139.27
      13250.0000  0.13099572E-24  -90.26 0.28304181E-21  -94.11 0.43411872E-22 -127.31
      13500.0000  0.97606375E-25  -78.06 0.21835265E-21  -82.27 0.32301564E-22 -115.51
      13750.0000  0.72906159E-25  -65.59 0.17008049E-21  -70.67 0.24341672E-22 -103.63
      14000.0000  0.54551693E-25  -52.62 0.13365688E-21  -59.32 0.18572338E-22  -91.52
      14250.0000  0.40905039E-25  -38.93 0.10590275E-21  -48.30 0.14347154E-22  -79.04
      14500.0000  0.30811489E-25  -24.29 0.84581559E-22  -37.71 0.11237885E-22  -66.20
      14750.0000  0.23437511E-25   -8.52 0.68093932E-22  -27.75 0.89451031E-23  -53.08
      15000.0000  0.18163056E-25    8.44 0.55280043E-22  -18.68 0.72560603E-23  -39.93
