   % Range crossline_E_amp crossline_E_phs inline_B_amp inline_B_phs  vertical_B_amp vertical_B_phs 
          0.0000  0.30038330E-06  179.66 0.30048371E-10 -178.89 0.79918207E-12    0.70
        250.0000  0.42228286E-08  179.05 0.10665601E-12 -121.26 0.14739912E-11    9.95
        500.0000  0.89051788E-09 -177.15 0.71672427E-13 -143.63 0.35831668E-12   24.72
        750.0000  0.34676636E-09 -170.38 0.50009868E-13 -145.41 0.14395961E-12   40.28
       1000.0000  0.17172557E-09 -162.07 0.34719734E-13 -141.84 0.70842619E-13   55.74
       1250.0000  0.95946633E-10 -153.33 0.24569598E-13 -136.49 0.38766251E-13   70.76
       1500.0000  0.57428644E-10 -144.85 0.17728141E-13 -130.46 0.22596315E-13   85.17
       1750.0000  0.35878335E-10 -137.11 0.12996706E-13 -124.28 0.13709945E-13   98.86
       2000.0000  0.23070322E-10 -130.42 0.96486342E-14 -118.27 0.85382991E-14  111.78
       2250.0000  0.15157873E-10 -125.06 0.72365300E-14 -112.64 0.54074717E-14  123.85
       2500.0000  0.10150305E-10 -121.27 0.54754471E-14 -107.54 0.34593288E-14  134.98
       2750.0000  0.69376689E-11 -119.23 0.41773600E-14 -103.08 0.22240264E-14  145.06
       3000.0000  0.48643867E-11 -119.03 0.32141464E-14  -99.33 0.14311539E-14  153.92
       3250.0000  0.35243446E-11 -120.48 0.24960722E-14  -96.32 0.91900032E-15  161.29
       3500.0000  0.26556437E-11 -123.13 0.19588523E-14  -94.05 0.58797144E-15  166.80
       3750.0000  0.20850340E-11 -126.28 0.15556033E-14  -92.49 0.37534989E-15  169.91
       4000.0000  0.16983304E-11 -129.28 0.12516853E-14  -91.54 0.24096980E-15  169.91
       4250.0000  0.14230136E-11 -131.71 0.10213055E-14  -91.09 0.15865625E-15  166.19
       4500.0000  0.12154998E-11 -133.43 0.84522136E-15  -91.00 0.11069625E-15  158.97
       4750.0000  0.10508832E-11 -134.50 0.70913135E-15  -91.14 0.84177472E-16  150.12
       5000.0000  0.91531896E-12 -135.06 0.60249571E-15  -91.40 0.69428141E-16  142.30
       5250.0000  0.80105407E-12 -135.28 0.51763087E-15  -91.68 0.60131373E-16  136.95
       5500.0000  0.70352151E-12 -135.29 0.44899316E-15  -91.94 0.53053538E-16  134.01
       5750.0000  0.61977221E-12 -135.20 0.39261057E-15  -92.14 0.46904886E-16  132.77
       6000.0000  0.54767908E-12 -135.06 0.34564093E-15  -92.28 0.41296495E-16  132.59
       6250.0000  0.48555396E-12 -134.93 0.30603907E-15  -92.36 0.36167347E-16  132.98
       6500.0000  0.43197321E-12 -134.83 0.27231471E-15  -92.40 0.31540102E-16  133.61
       6750.0000  0.38570255E-12 -134.77 0.24336161E-15  -92.40 0.27434631E-16  134.28
       7000.0000  0.34566547E-12 -134.73 0.21834025E-15  -92.39 0.23845979E-16  134.89
       7250.0000  0.31092794E-12 -134.73 0.19659842E-15  -92.36 0.20745527E-16  135.36
       7500.0000  0.28068739E-12 -134.74 0.17761828E-15  -92.33 0.18088704E-16  135.70
       7750.0000  0.25426134E-12 -134.76 0.16098085E-15  -92.30 0.15823042E-16  135.89
       8000.0000  0.23107458E-12 -134.80 0.14634204E-15  -92.27 0.13894520E-16  135.98
       8250.0000  0.21064553E-12 -134.83 0.13341606E-15  -92.24 0.12251853E-16  135.99
       8500.0000  0.19257258E-12 -134.86 0.12196371E-15  -92.22 0.10848949E-16  135.94
       8750.0000  0.17652124E-12 -134.89 0.11178361E-15  -92.21 0.96459629E-17  135.86
       9000.0000  0.16221259E-12 -134.92 0.10270553E-15  -92.19 0.86093860E-17  135.77
       9250.0000  0.14941336E-12 -134.94 0.94585182E-16  -92.18 0.77115626E-17  135.68
       9500.0000  0.13792758E-12 -134.97 0.87299856E-16  -92.18 0.69299214E-17  135.60
       9750.0000  0.12758974E-12 -134.98 0.80744971E-16  -92.17 0.62461300E-17  135.53
      10000.0000  0.11825929E-12 -135.00 0.74831126E-16  -92.16 0.56452916E-17  135.47
      10250.0000  0.10981619E-12 -135.01 0.69481681E-16  -92.15 0.51152472E-17  135.42
      10500.0000  0.10215739E-12 -135.03 0.64630721E-16  -92.15 0.46460000E-17  135.38
      10750.0000  0.95193965E-13 -135.04 0.60221377E-16  -92.14 0.42292600E-17  135.35
      11000.0000  0.88848882E-13 -135.05 0.56204413E-16  -92.14 0.38580905E-17  135.32
      11250.0000  0.83055121E-13 -135.06 0.52537065E-16  -92.13 0.35266381E-17  135.30
      11500.0000  0.77754180E-13 -135.07 0.49182061E-16  -92.13 0.32299263E-17  135.28
      11750.0000  0.72894829E-13 -135.08 0.46106812E-16  -92.12 0.29636980E-17  135.25
      12000.0000  0.68432078E-13 -135.09 0.43282741E-16  -92.12 0.27242920E-17  135.23
      12250.0000  0.64326310E-13 -135.10 0.40684706E-16  -92.12 0.25085474E-17  135.21
      12500.0000  0.60542549E-13 -135.11 0.38290532E-16  -92.11 0.23137253E-17  135.20
      12750.0000  0.57049844E-13 -135.12 0.36080608E-16  -92.11 0.21374461E-17  135.18
      13000.0000  0.53820742E-13 -135.13 0.34037542E-16  -92.10 0.19776371E-17  135.16
      13250.0000  0.50830834E-13 -135.13 0.32145878E-16  -92.10 0.18324888E-17  135.14
      13500.0000  0.48058375E-13 -135.14 0.30391846E-16  -92.10 0.17004179E-17  135.13
      13750.0000  0.45483947E-13 -135.15 0.28763154E-16  -92.09 0.15800364E-17  135.11
      14000.0000  0.43090177E-13 -135.15 0.27248801E-16  -92.09 0.14701243E-17  135.09
      14250.0000  0.40861490E-13 -135.16 0.25838927E-16  -92.09 0.13696078E-17  135.08
      14500.0000  0.38783894E-13 -135.16 0.24524674E-16  -92.09 0.12775389E-17  135.07
      14750.0000  0.36844798E-13 -135.17 0.23298070E-16  -92.08 0.11930797E-17  135.05
      15000.0000  0.35032849E-13 -135.17 0.22151928E-16  -92.08 0.11154873E-17  135.04
   % Range crossline_B_amp crossline_B_phs inline_E_amp inline_E_phs  vertical_E_amp vertical_E_phs 
          0.0000  0.30054806E-10    1.11 0.30003076E-06  179.66 0.53109257E-08    0.25
        250.0000  0.90107069E-12   10.71 0.49983962E-08   10.61 0.11336611E-08    5.04
        500.0000  0.14502679E-12   25.35 0.99944499E-09   23.37 0.18742561E-09   14.48
        750.0000  0.31440389E-13   48.56 0.34048372E-09   35.91 0.55443581E-10   26.24
       1000.0000  0.76538620E-14  108.36 0.14405102E-09   47.85 0.20980101E-10   39.57
       1250.0000  0.65436160E-14  177.99 0.68616847E-10   58.82 0.91064831E-11   54.19
       1500.0000  0.64870430E-14 -156.52 0.35140100E-10   68.40 0.43380180E-11   69.94
       1750.0000  0.56104600E-14 -142.15 0.18836975E-10   76.12 0.22221625E-11   86.61
       2000.0000  0.45612845E-14 -131.44 0.10396751E-10   81.33 0.12092064E-11  103.85
       2250.0000  0.36075267E-14 -122.60 0.58689492E-11   83.13 0.69178732E-12  121.32
       2500.0000  0.28186384E-14 -115.08 0.34211798E-11   80.32 0.41192313E-12  138.75
       2750.0000  0.21922922E-14 -108.64 0.21367455E-11   72.27 0.25291914E-12  155.97
       3000.0000  0.17048086E-14 -103.20 0.15065483E-11   60.79 0.15888264E-12  172.95
       3250.0000  0.13294011E-14  -98.73 0.12077382E-11   50.26 0.10150544E-12 -170.30
       3500.0000  0.10420840E-14  -95.20 0.10446585E-11   43.42 0.65663035E-13 -153.72
       3750.0000  0.82303824E-15  -92.57 0.92660990E-12   40.04 0.42877525E-13 -137.27
       4000.0000  0.65642625E-15  -90.79 0.82280085E-12   38.96 0.28201645E-13 -120.90
       4250.0000  0.52977858E-15  -89.77 0.72611464E-12   39.18 0.18654717E-13 -104.57
       4500.0000  0.43335343E-15  -89.37 0.63648884E-12   40.05 0.12396263E-13  -88.27
       4750.0000  0.35959300E-15  -89.43 0.55510682E-12   41.16 0.82684643E-14  -71.95
       5000.0000  0.30269125E-15  -89.78 0.48275180E-12   42.29 0.55325270E-14  -55.61
       5250.0000  0.25825044E-15  -90.29 0.41954103E-12   43.29 0.37118150E-14  -39.23
       5500.0000  0.22299741E-15  -90.83 0.36505370E-12   44.10 0.24961348E-14  -22.79
       5750.0000  0.19454040E-15  -91.31 0.31852843E-12   44.69 0.16821870E-14   -6.28
       6000.0000  0.17115945E-15  -91.71 0.27903475E-12   45.09 0.11359565E-14   10.33
       6250.0000  0.15163073E-15  -92.00 0.24559871E-12   45.31 0.76867322E-15   27.04
       6500.0000  0.13508584E-15  -92.18 0.21728548E-12   45.41 0.52129903E-15   43.89
       6750.0000  0.12090478E-15  -92.29 0.19324774E-12   45.41 0.35443667E-15   60.88
       7000.0000  0.10863809E-15  -92.33 0.17274848E-12   45.35 0.24172145E-15   78.03
       7250.0000  0.97952358E-16  -92.33 0.15516608E-12   45.26 0.16546924E-15   95.36
       7500.0000  0.88593328E-16  -92.31 0.13998801E-12   45.17 0.11379627E-15  112.87
       7750.0000  0.80361347E-16  -92.27 0.12679843E-12   45.08 0.78705071E-16  130.53
       8000.0000  0.73095377E-16  -92.23 0.11526313E-12   45.00 0.54807959E-16  148.34
       8250.0000  0.66662576E-16  -92.19 0.10511457E-12   44.94 0.38473162E-16  166.22
       8500.0000  0.60951499E-16  -92.15 0.96138344E-13   44.90 0.27252094E-16 -175.88
       8750.0000  0.55867556E-16  -92.12 0.88161670E-13   44.87 0.19494323E-16 -158.06
       9000.0000  0.51329868E-16  -92.10 0.81044107E-13   44.85 0.14088078E-16 -140.43
       9250.0000  0.47268990E-16  -92.09 0.74670294E-13   44.83 0.10284962E-16 -123.09
       9500.0000  0.43625162E-16  -92.08 0.68944387E-13   44.83 0.75813105E-17 -106.15
       9750.0000  0.40346898E-16  -92.07 0.63785885E-13   44.82 0.56378395E-17  -89.69
      10000.0000  0.37389812E-16  -92.07 0.59126486E-13   44.82 0.42253155E-17  -73.79
      10250.0000  0.34715612E-16  -92.07 0.54907748E-13   44.82 0.31879781E-17  -58.48
      10500.0000  0.32291227E-16  -92.07 0.51079309E-13   44.82 0.24190724E-17  -43.80
      10750.0000  0.30088055E-16  -92.07 0.47597527E-13   44.82 0.18445957E-17  -29.74
      11000.0000  0.28081313E-16  -92.07 0.44424414E-13   44.81 0.14125635E-17  -16.32
      11250.0000  0.26249478E-16  -92.07 0.41526789E-13   44.81 0.10859372E-17   -3.51
      11500.0000  0.24573807E-16  -92.07 0.38875588E-13   44.81 0.83795696E-18    8.71
      11750.0000  0.23037935E-16  -92.07 0.36445288E-13   44.80 0.64904051E-18   20.36
      12000.0000  0.21627527E-16  -92.07 0.34213427E-13   44.80 0.50469989E-18   31.48
      12250.0000  0.20329993E-16  -92.06 0.32160200E-13   44.79 0.39412038E-18   42.12
      12500.0000  0.19134237E-16  -92.06 0.30268105E-13   44.79 0.30917463E-18   52.30
      12750.0000  0.18030458E-16  -92.06 0.28521645E-13   44.79 0.24372579E-18   62.09
      13000.0000  0.17009970E-16  -92.06 0.26907071E-13   44.78 0.19312623E-18   71.53
      13250.0000  0.16065057E-16  -92.06 0.25412159E-13   44.78 0.15385081E-18   80.70
      13500.0000  0.15188848E-16  -92.06 0.24026018E-13   44.77 0.12322469E-18   89.63
      13750.0000  0.14375210E-16  -92.06 0.22738926E-13   44.77 0.99218843E-19   98.40
      14000.0000  0.13618656E-16  -92.05 0.21542184E-13   44.77 0.80295052E-19  107.05
      14250.0000  0.12914265E-16  -92.05 0.20427997E-13   44.76 0.65287596E-19  115.63
      14500.0000  0.12257620E-16  -92.05 0.19389362E-13   44.76 0.53312828E-19  124.17
      14750.0000  0.11644743E-16  -92.05 0.18419979E-13   44.76 0.43700022E-19  132.72
      15000.0000  0.11072048E-16  -92.05 0.17514167E-13   44.76 0.35938738E-19  141.28
   % Range crossline_B_amp crossline_B_phs inline_E_amp inline_E_phs  vertical_E_amp vertical_E_phs 
          0.0000  0.36319650E-12 -179.45 0.17537254E-07    0.32 0.17330800E-06    0.55
        250.0000  0.39438333E-12 -174.34 0.68745005E-10  178.59 0.60397515E-09 -179.21
        500.0000  0.58468803E-13 -164.86 0.98321714E-10 -167.00 0.54468085E-10 -176.04
        750.0000  0.16897078E-13 -153.05 0.30957979E-10 -155.24 0.12560718E-10 -169.53
       1000.0000  0.63411770E-14 -139.70 0.11928591E-10 -141.92 0.41945982E-11 -160.38
       1250.0000  0.27408325E-14 -125.07 0.52230947E-11 -127.31 0.16857104E-11 -149.43
       1500.0000  0.13020760E-14 -109.30 0.25018809E-11 -111.55 0.75697219E-12 -137.11
       1750.0000  0.66562099E-15  -92.62 0.12868685E-11  -94.90 0.36752329E-12 -123.56
       2000.0000  0.36161667E-15  -75.36 0.70251642E-12  -77.68 0.18994658E-12 -108.95
       2250.0000  0.20662465E-15  -57.86 0.40290366E-12  -60.25 0.10356542E-12  -93.47
       2500.0000  0.12292327E-15  -40.41 0.24034169E-12  -42.88 0.59133246E-13  -77.39
       2750.0000  0.75427173E-16  -23.16 0.14775527E-12  -25.70 0.35093477E-13  -61.00
       3000.0000  0.47363005E-16   -6.16 0.92898887E-13   -8.75 0.21483793E-13  -44.49
       3250.0000  0.30250272E-16   10.61 0.59384740E-13    7.97 0.13472732E-13  -27.99
       3500.0000  0.19564892E-16   27.20 0.38430689E-13   24.53 0.86044066E-14  -11.55
       3750.0000  0.12774023E-16   43.65 0.25101944E-13   40.96 0.55709457E-14    4.81
       4000.0000  0.84009745E-17   60.03 0.16513528E-13   57.32 0.36442955E-14   21.12
       4250.0000  0.55566254E-17   76.36 0.10924985E-13   73.64 0.24028011E-14   37.39
       4500.0000  0.36922148E-17   92.67 0.72606584E-14   89.94 0.15939960E-14   53.64
       4750.0000  0.24626290E-17  108.99 0.48434412E-14  106.25 0.10626297E-14   69.89
       5000.0000  0.16477007E-17  125.33 0.32410875E-14  122.59 0.71123238E-15   86.16
       5250.0000  0.11054098E-17  141.71 0.21746433E-14  138.97 0.47762859E-15  102.45
       5500.0000  0.74334048E-18  158.15 0.14625230E-14  155.41 0.32166844E-15  118.77
       5750.0000  0.50092929E-18  174.66 0.98569436E-15  171.92 0.21717709E-15  135.14
       6000.0000  0.33825554E-18 -168.73 0.66567958E-15 -171.47 0.14696128E-15  151.55
       6250.0000  0.22887782E-18 -152.02 0.45048984E-15 -154.75 0.99658405E-16  168.03
       6500.0000  0.15521164E-18 -135.17 0.30554564E-15 -137.90 0.67721555E-16 -175.42
       6750.0000  0.10552300E-18 -118.18 0.20776959E-15 -120.91 0.46117258E-16 -158.80
       7000.0000  0.71959729E-19 -101.03 0.14171729E-15 -103.75 0.31476648E-16 -142.09
       7250.0000  0.49255142E-19  -83.70 0.97028849E-16  -86.42 0.21538323E-16 -125.29
       7500.0000  0.33870076E-19  -66.20 0.66742113E-16  -68.92 0.14780524E-16 -108.40
       7750.0000  0.23422808E-19  -48.53 0.46171587E-16  -51.26 0.10177083E-16  -91.42
       8000.0000  0.16308861E-19  -30.72 0.32160710E-16  -33.46 0.70348291E-17  -74.35
       8250.0000  0.11446681E-19  -12.83 0.22581636E-16  -15.58 0.48848607E-17  -57.22
       8500.0000  0.81070805E-20    5.07 0.15999730E-16    2.31 0.34096152E-17  -40.05
       8750.0000  0.57985668E-20   22.90 0.11447978E-16   20.11 0.23938227E-17  -22.89
       9000.0000  0.41900659E-20   40.54 0.82749583E-17   37.73 0.16914434E-17   -5.77
       9250.0000  0.30587221E-20   57.89 0.60421287E-17   55.04 0.12033371E-17   11.23
       9500.0000  0.22545665E-20   74.85 0.44543167E-17   71.96 0.86215375E-18   28.05
       9750.0000  0.16765876E-20   91.32 0.33126432E-17   88.39 0.62209768E-18   44.62
      10000.0000  0.12565493E-20  107.24 0.24826968E-17  104.27 0.45198511E-18   60.85
      10250.0000  0.94809650E-21  122.56 0.18731110E-17  119.55 0.33053505E-18   76.70
      10500.0000  0.71946585E-21  137.25 0.14212364E-17  134.21 0.24317621E-18   92.09
      10750.0000  0.54864466E-21  151.32 0.10836237E-17  148.24 0.17988481E-18  106.98
      11000.0000  0.42017333E-21  164.75 0.82973685E-18  161.64 0.13372312E-18  121.33
      11250.0000  0.32303921E-21  177.57 0.63781063E-18  174.43 0.99853463E-19  135.11
      11500.0000  0.24928700E-21 -170.20 0.49211501E-18 -173.37 0.74873805E-19  148.30
      11750.0000  0.19309572E-21 -158.54 0.38113684E-18 -161.74 0.56369873E-19  160.89
      12000.0000  0.15015886E-21 -147.40 0.29635715E-18 -150.64 0.42612574E-19  172.88
      12250.0000  0.11726176E-21 -136.76 0.23141681E-18 -140.03 0.32352542E-19 -175.72
      12500.0000  0.91988420E-22 -126.57 0.18153716E-18 -129.86 0.24679788E-19 -164.91
      12750.0000  0.72514405E-22 -116.77 0.14311042E-18 -120.09 0.18926901E-19 -154.65
      13000.0000  0.57457846E-22 -107.32 0.11340475E-18 -110.65 0.14601593E-19 -144.91
      13250.0000  0.45770497E-22  -98.15 0.90348577E-19 -101.50 0.11339215E-19 -135.64
      13500.0000  0.36656825E-22  -89.21 0.72370416E-19  -92.58 0.88689214E-20 -126.76
      13750.0000  0.29513294E-22  -80.43 0.58278510E-19  -83.82 0.69892856E-20 -118.21
      14000.0000  0.23882274E-22  -71.78 0.47169618E-19  -75.18 0.55505432E-20 -109.91
      14250.0000  0.19416905E-22  -63.19 0.38359413E-19  -66.60 0.44414777E-20 -101.78
      14500.0000  0.15854220E-22  -54.64 0.31329262E-19  -58.06 0.35796744E-20  -93.74
      14750.0000  0.12994591E-22  -46.09 0.25685568E-19  -49.52 0.29041778E-20  -85.72
      15000.0000  0.10686073E-22  -37.53 0.21128815E-19  -40.96 0.23699720E-20  -77.68
