          0.0000  0.30103708E-06  179.39 0.29945825E-10 -177.87 0.79842617E-12    1.39
        250.0000  0.44554064E-08 -178.44 0.13637192E-12  -87.02 0.14176231E-11   18.55
        500.0000  0.95185825E-09 -165.87 0.56947229E-13 -116.40 0.31489072E-12   43.76
        750.0000  0.35123475E-09 -150.54 0.37400781E-13 -124.30 0.11289683E-12   68.62
       1000.0000  0.15778073E-09 -135.51 0.25406887E-13 -120.57 0.48839593E-13   92.15
       1250.0000  0.77697706E-10 -122.27 0.17322136E-13 -113.30 0.23183719E-13  114.09
       1500.0000  0.40176254E-10 -111.83 0.11845158E-13 -105.21 0.11552100E-13  134.28
       1750.0000  0.21465920E-10 -105.19 0.81338642E-14  -97.51 0.58852853E-14  152.55
       2000.0000  0.11924984E-10 -103.41 0.56209546E-14  -90.83 0.30069638E-14  168.58
       2250.0000  0.71090292E-11 -106.82 0.39228407E-14  -85.55 0.15146824E-14 -178.24
       2500.0000  0.47347898E-11 -113.60 0.27785239E-14  -81.82 0.73995136E-15 -169.30
       2750.0000  0.35293707E-11 -120.14 0.20090027E-14  -79.62 0.34822481E-15 -167.70
       3000.0000  0.28213289E-11 -124.23 0.14907607E-14  -78.73 0.16896779E-15 -179.38
       3250.0000  0.23202543E-11 -125.95 0.11386534E-14  -78.74 0.10883552E-15  157.33
       3500.0000  0.19233541E-11 -126.20 0.89479412E-15  -79.22 0.94660856E-16  141.95
       3750.0000  0.15973397E-11 -125.78 0.72090641E-15  -79.81 0.85733445E-16  137.58
       4000.0000  0.13293091E-11 -125.19 0.59254162E-15  -80.30 0.74609455E-16  138.19
       4250.0000  0.11108648E-11 -124.69 0.49452550E-15  -80.62 0.62569883E-16  140.42
       4500.0000  0.93420378E-12 -124.36 0.41753968E-15  -80.77 0.51254128E-16  142.84
       4750.0000  0.79178312E-12 -124.21 0.35577841E-15  -80.81 0.41507428E-16  144.81
       5000.0000  0.67673734E-12 -124.19 0.30548155E-15  -80.78 0.33549613E-16  146.14
       5250.0000  0.58322116E-12 -124.24 0.26407979E-15  -80.72 0.27254013E-16  146.82
       5500.0000  0.50651810E-12 -124.33 0.22971970E-15  -80.67 0.22348077E-16  147.00
       5750.0000  0.44296361E-12 -124.41 0.20100499E-15  -80.62 0.18532552E-16  146.88
       6000.0000  0.38977273E-12 -124.48 0.17685326E-15  -80.59 0.15541625E-16  146.62
       6250.0000  0.34484552E-12 -124.54 0.15641204E-15  -80.56 0.13164608E-16  146.34
       6500.0000  0.30659244E-12 -124.58 0.13900465E-15  -80.55 0.11245633E-16  146.10
       6750.0000  0.27379582E-12 -124.61 0.12409184E-15  -80.54 0.96735725E-17  145.93
       7000.0000  0.24550776E-12 -124.64 0.11124255E-15  -80.53 0.83699632E-17  145.81
       7250.0000  0.22097813E-12 -124.66 0.10011100E-15  -80.53 0.72787006E-17  145.74
       7500.0000  0.19960450E-12 -124.67 0.90418441E-16  -80.52 0.63585504E-17  145.70
       7750.0000  0.18089731E-12 -124.69 0.81938878E-16  -80.52 0.55782041E-17  145.66
       8000.0000  0.16445505E-12 -124.70 0.74487839E-16  -80.51 0.49131812E-17  145.64
       8250.0000  0.14994607E-12 -124.72 0.67913731E-16  -80.51 0.43439172E-17  145.61
       8500.0000  0.13709490E-12 -124.73 0.62091134E-16  -80.50 0.38545562E-17  145.58
       8750.0000  0.12567154E-12 -124.74 0.56915626E-16  -80.50 0.34321439E-17  145.56
       9000.0000  0.11548310E-12 -124.75 0.52299752E-16  -80.49 0.30660487E-17  145.53
       9250.0000  0.10636708E-12 -124.76 0.48169875E-16  -80.49 0.27475180E-17  145.51
       9500.0000  0.98185954E-13 -124.77 0.44463685E-16  -80.48 0.24693263E-17  145.48
       9750.0000  0.90822838E-13 -124.78 0.41128214E-16  -80.48 0.22254893E-17  145.46
      10000.0000  0.84177971E-13 -124.79 0.38118242E-16  -80.48 0.20110323E-17  145.44
      10250.0000  0.78165853E-13 -124.80 0.35395008E-16  -80.48 0.18218024E-17  145.42
      10500.0000  0.72712920E-13 -124.80 0.32925160E-16  -80.47 0.16543178E-17  145.41
      10750.0000  0.67755639E-13 -124.81 0.30679895E-16  -80.47 0.15056459E-17  145.39
      11000.0000  0.63238949E-13 -124.81 0.28634253E-16  -80.47 0.13733064E-17  145.38
      11250.0000  0.59114970E-13 -124.82 0.26766528E-16  -80.47 0.12551928E-17  145.36
      11500.0000  0.55341930E-13 -124.82 0.25057789E-16  -80.46 0.11495089E-17  145.35
      11750.0000  0.51883281E-13 -124.83 0.23491469E-16  -80.46 0.10547176E-17  145.34
      12000.0000  0.48706944E-13 -124.83 0.22053035E-16  -80.46 0.96949928E-18  145.32
      12250.0000  0.45784693E-13 -124.84 0.20729693E-16  -80.46 0.89271680E-18  145.31
      12500.0000  0.43091621E-13 -124.84 0.19510159E-16  -80.46 0.82338767E-18  145.30
      12750.0000  0.40605693E-13 -124.85 0.18384449E-16  -80.46 0.76066029E-18  145.29
      13000.0000  0.38307368E-13 -124.85 0.17343710E-16  -80.45 0.70379442E-18  145.29
      13250.0000  0.36179279E-13 -124.85 0.16380074E-16  -80.45 0.65214490E-18  145.28
      13500.0000  0.34205950E-13 -124.86 0.15486528E-16  -80.45 0.60514788E-18  145.27
      13750.0000  0.32373565E-13 -124.86 0.14656816E-16  -80.45 0.56230937E-18  145.26
      14000.0000  0.30669761E-13 -124.86 0.13885335E-16  -80.45 0.52319552E-18  145.25
      14250.0000  0.29083454E-13 -124.87 0.13167066E-16  -80.45 0.48742436E-18  145.25
      14500.0000  0.27604688E-13 -124.87 0.12497499E-16  -80.45 0.45465887E-18  145.24
      14750.0000  0.26224501E-13 -124.87 0.11872574E-16  -80.45 0.42460099E-18  145.24
      15000.0000  0.24934814E-13 -124.87 0.11288632E-16  -80.45 0.39698661E-18  145.23
