          0.0000  0.30001518E-06  179.98 0.30097933E-10 -179.95 0.79951845E-12    0.04
        250.0000  0.40089367E-08  179.77 0.92246702E-13 -177.12 0.15082723E-11    0.55
        500.0000  0.77072773E-09  179.35 0.82929245E-13 -178.53 0.39357144E-12    1.52
        750.0000  0.27837357E-09  178.74 0.60957080E-13 -178.67 0.17595403E-12    2.76
       1000.0000  0.13282776E-09  178.02 0.44349018E-13 -178.57 0.98870250E-13    4.21
       1250.0000  0.74422982E-10  177.26 0.33269160E-13 -178.34 0.63004039E-13    5.84
       1500.0000  0.46303535E-10  176.53 0.25789662E-13 -178.02 0.43460283E-13    7.61
       1750.0000  0.31006955E-10  175.87 0.20568965E-13 -177.62 0.31651171E-13    9.52
       2000.0000  0.21924717E-10  175.33 0.16795514E-13 -177.13 0.23975974E-13   11.53
       2250.0000  0.16166043E-10  174.93 0.13980295E-13 -176.56 0.18710143E-13   13.64
       2500.0000  0.12323057E-10  174.68 0.11821329E-13 -175.91 0.14943532E-13   15.83
       2750.0000  0.96509085E-11  174.61 0.10126213E-13 -175.20 0.12158818E-13   18.09
       3000.0000  0.77288583E-11  174.72 0.87683924E-14 -174.41 0.10044196E-13   20.41
       3250.0000  0.63063495E-11  175.00 0.76620759E-14 -173.57 0.84025768E-14   22.77
       3500.0000  0.52275456E-11  175.44 0.67474647E-14 -172.67 0.71043751E-14   25.18
       3750.0000  0.43919296E-11  176.04 0.59818177E-14 -171.71 0.60615172E-14   27.61
       4000.0000  0.37326228E-11  176.78 0.53338891E-14 -170.72 0.52124270E-14   30.07
       4250.0000  0.32039141E-11  177.65 0.47803720E-14 -169.68 0.45129911E-14   32.55
       4500.0000  0.27738121E-11  178.63 0.43035664E-14 -168.60 0.39309287E-14   35.05
       4750.0000  0.24194501E-11  179.70 0.38898134E-14 -167.49 0.34421738E-14   37.55
       5000.0000  0.21241718E-11 -179.15 0.35284206E-14 -166.35 0.30284863E-14   40.05
       5250.0000  0.18756341E-11 -177.93 0.32109097E-14 -165.19 0.26758385E-14   42.55
       5500.0000  0.16645464E-11 -176.65 0.29304798E-14 -164.01 0.23732994E-14   45.06
       5750.0000  0.14838146E-11 -175.34 0.26816186E-14 -162.82 0.21122504E-14   47.55
       6000.0000  0.13279506E-11 -173.99 0.24598155E-14 -161.61 0.18858233E-14   50.04
       6250.0000  0.11926564E-11 -172.63 0.22613479E-14 -160.40 0.16884915E-14   52.51
       6500.0000  0.10745282E-11 -171.24 0.20831192E-14 -159.17 0.15157690E-14   54.97
       6750.0000  0.97084245E-12 -169.85 0.19225348E-14 -157.95 0.13639846E-14   57.42
       7000.0000  0.87939841E-12 -168.45 0.17774066E-14 -156.72 0.12301116E-14   59.86
       7250.0000  0.79840200E-12 -167.06 0.16458774E-14 -155.50 0.11116377E-14   62.27
       7500.0000  0.72637829E-12 -165.68 0.15263626E-14 -154.27 0.10064646E-14   64.67
       7750.0000  0.66210526E-12 -164.31 0.14175022E-14 -153.06 0.91282901E-15   67.05
       8000.0000  0.60456307E-12 -162.96 0.13181240E-14 -151.85 0.82924149E-15   69.40
       8250.0000  0.55289480E-12 -161.62 0.12272125E-14 -150.65 0.75443738E-15   71.74
       8500.0000  0.50637586E-12 -160.31 0.11438844E-14 -149.46 0.68733786E-15   74.06
       8750.0000  0.46438994E-12 -159.03 0.10673682E-14 -148.28 0.62701852E-15   76.35
       9000.0000  0.42640990E-12 -157.77 0.99698739E-15 -147.12 0.57268400E-15   78.62
       9250.0000  0.39198255E-12 -156.54 0.93214694E-15 -145.97 0.52364730E-15   80.87
       9500.0000  0.36071639E-12 -155.34 0.87232137E-15 -144.84 0.47931284E-15   83.09
       9750.0000  0.33227169E-12 -154.18 0.81704532E-15 -143.72 0.43916250E-15   85.29
      10000.0000  0.30635238E-12 -153.05 0.76590539E-15 -142.62 0.40274411E-15   87.47
      10250.0000  0.28269946E-12 -151.96 0.71853330E-15 -141.54 0.36966180E-15   89.62
      10500.0000  0.26108548E-12 -150.90 0.67460004E-15 -140.47 0.33956803E-15   91.75
      10750.0000  0.24131003E-12 -149.89 0.63381097E-15 -139.43 0.31215678E-15   93.85
      11000.0000  0.22319594E-12 -148.92 0.59590155E-15 -138.41 0.28715797E-15   95.93
      11250.0000  0.20658611E-12 -148.00 0.56063371E-15 -137.41 0.26433255E-15   97.98
      11500.0000  0.19134085E-12 -147.12 0.52779278E-15 -136.43 0.24346854E-15  100.01
      11750.0000  0.17733562E-12 -146.28 0.49718470E-15 -135.47 0.22437744E-15  102.01
      12000.0000  0.16445908E-12 -145.49 0.46863376E-15 -134.53 0.20689137E-15  103.99
      12250.0000  0.15261148E-12 -144.76 0.44198052E-15 -133.62 0.19086043E-15  105.94
      12500.0000  0.14170325E-12 -144.07 0.41708005E-15 -132.73 0.17615055E-15  107.86
      12750.0000  0.13165379E-12 -143.44 0.39380039E-15 -131.86 0.16264161E-15  109.75
      13000.0000  0.12239041E-12 -142.86 0.37202117E-15 -131.02 0.15022578E-15  111.62
      13250.0000  0.11384745E-12 -142.33 0.35163242E-15 -130.20 0.13880608E-15  113.46
      13500.0000  0.10596549E-12 -141.86 0.33253354E-15 -129.41 0.12829519E-15  115.27
      13750.0000  0.98690636E-13 -141.45 0.31463235E-15 -128.64 0.11861435E-15  117.06
      14000.0000  0.91973973E-13 -141.10 0.29784426E-15 -127.90 0.10969239E-15  118.81
      14250.0000  0.85770991E-13 -140.80 0.28209155E-15 -127.18 0.10146496E-15  120.54
      14500.0000  0.80041142E-13 -140.57 0.26730273E-15 -126.48 0.93873749E-16  122.24
      14750.0000  0.74747433E-13 -140.40 0.25341195E-15 -125.81 0.86865870E-16  123.90
      15000.0000  0.69856057E-13 -140.29 0.24035848E-15 -125.17 0.80393303E-16  125.54
