          0.0000  0.30038330E-06  179.66 0.30048371E-10 -178.89 0.79918207E-12    0.70
        250.0000  0.42228291E-08  179.05 0.10665200E-12 -121.26 0.14739913E-11    9.95
        500.0000  0.89051875E-09 -177.15 0.71669864E-13 -143.63 0.35831674E-12   24.72
        750.0000  0.34676778E-09 -170.38 0.50007745E-13 -145.42 0.14395971E-12   40.28
       1000.0000  0.17172749E-09 -162.07 0.34717800E-13 -141.85 0.70842766E-13   55.74
       1250.0000  0.95948841E-10 -153.32 0.24567839E-13 -136.50 0.38766430E-13   70.76
       1500.0000  0.57430888E-10 -144.85 0.17726589E-13 -130.47 0.22596513E-13   85.17
       1750.0000  0.35880396E-10 -137.10 0.12995394E-13 -124.29 0.13710147E-13   98.86
       2000.0000  0.23072049E-10 -130.41 0.96475802E-14 -118.28 0.85384971E-14  111.78
       2250.0000  0.15159181E-10 -125.04 0.72357313E-14 -112.65 0.54076582E-14  123.85
       2500.0000  0.10151167E-10 -121.25 0.54748848E-14 -107.55 0.34594997E-14  134.98
       2750.0000  0.69381040E-11 -119.22 0.41770033E-14 -103.09 0.22241796E-14  145.06
       3000.0000  0.48644493E-11 -119.01 0.32139582E-14  -99.34 0.14312884E-14  153.92
       3250.0000  0.35241199E-11 -120.46 0.24960130E-14  -96.33 0.91911571E-15  161.29
       3500.0000  0.26552356E-11 -123.10 0.19588838E-14  -94.07 0.58806754E-15  166.80
       3750.0000  0.20845464E-11 -126.26 0.15556910E-14  -92.50 0.37542627E-15  169.91
       4000.0000  0.16978467E-11 -129.27 0.12518003E-14  -91.55 0.24102570E-15  169.92
       4250.0000  0.14225860E-11 -131.70 0.10214259E-14  -91.09 0.15869088E-15  166.20
       4500.0000  0.12151512E-11 -133.42 0.84533218E-15  -91.00 0.11071035E-15  158.99
       4750.0000  0.10506163E-11 -134.49 0.70922414E-15  -91.14 0.84175234E-16  150.14
       5000.0000  0.91512537E-12 -135.06 0.60256728E-15  -91.40 0.69416434E-16  142.32
       5250.0000  0.80092075E-12 -135.28 0.51768177E-15  -91.68 0.60116356E-16  136.97
       5500.0000  0.70343461E-12 -135.29 0.44902614E-15  -91.94 0.53038940E-16  134.02
       5750.0000  0.61971910E-12 -135.20 0.39262937E-15  -92.14 0.46892409E-16  132.78
       6000.0000  0.54764921E-12 -135.07 0.34564935E-15  -92.28 0.41286651E-16  132.59
       6250.0000  0.48553907E-12 -134.94 0.30604050E-15  -92.36 0.36160049E-16  132.98
       6500.0000  0.43196719E-12 -134.84 0.27231187E-15  -92.40 0.31534995E-16  133.61
       6750.0000  0.38570115E-12 -134.77 0.24335653E-15  -92.40 0.27431271E-16  134.28
       7000.0000  0.34566593E-12 -134.73 0.21833430E-15  -92.39 0.23843925E-16  134.88
       7250.0000  0.31092863E-12 -134.72 0.19659248E-15  -92.36 0.20744387E-16  135.36
       7500.0000  0.28068748E-12 -134.74 0.17761284E-15  -92.33 0.18088160E-16  135.69
       7750.0000  0.25426051E-12 -134.76 0.16097612E-15  -92.30 0.15822849E-16  135.89
       8000.0000  0.23107282E-12 -134.79 0.14633805E-15  -92.27 0.13894505E-16  135.98
       8250.0000  0.21064300E-12 -134.83 0.13341278E-15  -92.24 0.12251904E-16  135.99
       8500.0000  0.19256950E-12 -134.86 0.12196102E-15  -92.22 0.10849000E-16  135.94
       8750.0000  0.17651784E-12 -134.89 0.11178140E-15  -92.21 0.96459817E-17  135.86
       9000.0000  0.16220905E-12 -134.92 0.10270371E-15  -92.20 0.86093625E-17  135.77
       9250.0000  0.14940983E-12 -134.94 0.94583644E-16  -92.18 0.77114993E-17  135.68
       9500.0000  0.13792416E-12 -134.96 0.87298534E-16  -92.18 0.69298270E-17  135.60
       9750.0000  0.12758649E-12 -134.98 0.80743810E-16  -92.17 0.62460150E-17  135.53
      10000.0000  0.11825625E-12 -135.00 0.74830087E-16  -92.16 0.56451658E-17  135.47
      10250.0000  0.10981337E-12 -135.01 0.69480735E-16  -92.16 0.51151184E-17  135.43
      10500.0000  0.10215478E-12 -135.03 0.64629849E-16  -92.15 0.46458740E-17  135.39
      10750.0000  0.95191558E-13 -135.04 0.60220565E-16  -92.14 0.42291404E-17  135.35
      11000.0000  0.88846664E-13 -135.05 0.56203654E-16  -92.14 0.38579794E-17  135.33
      11250.0000  0.83053075E-13 -135.06 0.52536352E-16  -92.13 0.35265362E-17  135.30
      11500.0000  0.77752289E-13 -135.07 0.49181389E-16  -92.13 0.32298338E-17  135.28
      11750.0000  0.72893076E-13 -135.08 0.46106179E-16  -92.12 0.29636142E-17  135.26
      12000.0000  0.68430450E-13 -135.09 0.43282143E-16  -92.12 0.27242162E-17  135.24
      12250.0000  0.64324792E-13 -135.10 0.40684141E-16  -92.12 0.25084788E-17  135.22
      12500.0000  0.60541131E-13 -135.11 0.38289999E-16  -92.11 0.23136631E-17  135.20
      12750.0000  0.57048517E-13 -135.12 0.36080104E-16  -92.11 0.21373895E-17  135.18
      13000.0000  0.53819496E-13 -135.12 0.34037065E-16  -92.10 0.19775855E-17  135.16
      13250.0000  0.50829663E-13 -135.13 0.32145427E-16  -92.10 0.18324415E-17  135.14
      13500.0000  0.48057273E-13 -135.14 0.30391419E-16  -92.10 0.17003746E-17  135.13
      13750.0000  0.45482907E-13 -135.14 0.28762749E-16  -92.09 0.15799965E-17  135.11
      14000.0000  0.43089195E-13 -135.15 0.27248417E-16  -92.09 0.14700876E-17  135.10
      14250.0000  0.40860561E-13 -135.16 0.25838562E-16  -92.09 0.13695738E-17  135.08
      14500.0000  0.38783015E-13 -135.16 0.24524327E-16  -92.09 0.12775075E-17  135.07
      14750.0000  0.36843964E-13 -135.17 0.23297741E-16  -92.08 0.11930505E-17  135.06
      15000.0000  0.35032057E-13 -135.17 0.22151615E-16  -92.08 0.11154602E-17  135.04
