          0.0000  0.30014260E-06  179.82 0.30084019E-10 -179.43 0.79941888E-12    0.35
        250.0000  0.40972395E-08  178.80 0.96170235E-13 -147.16 0.14963956E-11    5.20
        500.0000  0.83144978E-09  178.85 0.79149974E-13 -160.07 0.37959592E-12   13.46
        750.0000  0.32076120E-09 -179.64 0.57060068E-13 -160.17 0.16190718E-12   22.69
       1000.0000  0.16245758E-09 -176.69 0.40652961E-13 -157.48 0.85494538E-13   32.29
       1250.0000  0.95086862E-10 -172.72 0.29681205E-13 -153.74 0.50581810E-13   41.95
       1500.0000  0.60629938E-10 -168.15 0.22238129E-13 -149.50 0.32074335E-13   51.50
       1750.0000  0.40828247E-10 -163.35 0.17024941E-13 -144.99 0.21292819E-13   60.87
       2000.0000  0.28528499E-10 -158.55 0.13258063E-13 -140.41 0.14594612E-13   69.97
       2250.0000  0.20466378E-10 -153.94 0.10463239E-13 -135.85 0.10237200E-13   78.77
       2500.0000  0.14975615E-10 -149.65 0.83447756E-14 -131.41 0.73044417E-14   87.23
       2750.0000  0.11130341E-10 -145.77 0.67116193E-14 -127.16 0.52790906E-14   95.32
       3000.0000  0.83812509E-11 -142.40 0.54358816E-14 -123.14 0.38524798E-14  103.01
       3250.0000  0.63852477E-11 -139.57 0.44291046E-14 -119.41 0.28321198E-14  110.27
       3500.0000  0.49190610E-11 -137.35 0.36282853E-14 -115.99 0.20936253E-14  117.05
       3750.0000  0.38324838E-11 -135.76 0.29873913E-14 -112.90 0.15542472E-14  123.31
       4000.0000  0.30216512E-11 -134.79 0.24720466E-14 -110.17 0.11575991E-14  129.00
       4250.0000  0.24130796E-11 -134.41 0.20561010E-14 -107.81 0.86448479E-15  134.05
       4500.0000  0.19537835E-11 -134.56 0.17193520E-14 -105.82 0.64720064E-15  138.38
       4750.0000  0.16049845E-11 -135.12 0.14459924E-14 -104.18 0.48588999E-15  141.93
       5000.0000  0.13380125E-11 -135.99 0.12235254E-14 -102.89 0.36614999E-15  144.59
       5250.0000  0.11315740E-11 -137.03 0.10419920E-14 -101.91 0.27742360E-15  146.29
       5500.0000  0.96987449E-12 -138.13 0.89340922E-15 -101.21 0.21189605E-15  146.96
       5750.0000  0.84126892E-12 -139.18 0.77135412E-15 -100.75 0.16372334E-15  146.61
       6000.0000  0.73724822E-12 -140.13 0.67065112E-15 -100.49 0.12848643E-15  145.29
       6250.0000  0.65165152E-12 -140.93 0.58713118E-15 -100.38 0.10280661E-15  143.19
       6500.0000  0.58004903E-12 -141.58 0.51744293E-15 -100.39 0.84083078E-16  140.58
       6750.0000  0.51926406E-12 -142.09 0.45890090E-15 -100.46 0.70322298E-16  137.79
       7000.0000  0.46701172E-12 -142.46 0.40936136E-15 -100.57 0.60026827E-16  135.12
       7250.0000  0.42163309E-12 -142.72 0.36711941E-15 -100.70 0.52110594E-16  132.79
       7500.0000  0.38190477E-12 -142.90 0.33082309E-15 -100.83 0.45818797E-16  130.90
       7750.0000  0.34690541E-12 -143.01 0.29940221E-15 -100.94 0.40648177E-16  129.48
       8000.0000  0.31592377E-12 -143.08 0.27200946E-15 -101.04 0.36274126E-16  128.49
       8250.0000  0.28839640E-12 -143.13 0.24797268E-15 -101.11 0.32491366E-16  127.85
       8500.0000  0.26386554E-12 -143.15 0.22675638E-15 -101.16 0.29170374E-16  127.48
       8750.0000  0.24195099E-12 -143.17 0.20793135E-15 -101.19 0.26227804E-16  127.31
       9000.0000  0.22233118E-12 -143.19 0.19115081E-15 -101.20 0.23607587E-16  127.28
       9250.0000  0.20473039E-12 -143.21 0.17613201E-15 -101.20 0.21269402E-16  127.33
       9500.0000  0.18890982E-12 -143.23 0.16264209E-15 -101.19 0.19181934E-16  127.42
       9750.0000  0.17466142E-12 -143.26 0.15048729E-15 -101.17 0.17319075E-16  127.53
      10000.0000  0.16180317E-12 -143.30 0.13950475E-15 -101.15 0.15657896E-16  127.63
      10250.0000  0.15017558E-12 -143.34 0.12955628E-15 -101.12 0.14177624E-16  127.70
      10500.0000  0.13963875E-12 -143.38 0.12052365E-15 -101.10 0.12859171E-16  127.75
      10750.0000  0.13006999E-12 -143.42 0.11230488E-15 -101.07 0.11684954E-16  127.77
      11000.0000  0.12136173E-12 -143.46 0.10481152E-15 -101.05 0.10638831E-16  127.76
      11250.0000  0.11341966E-12 -143.50 0.97966371E-16 -101.03 0.97060925E-17  127.72
      11500.0000  0.10616111E-12 -143.54 0.91701824E-16 -101.01 0.88734438E-17  127.67
      11750.0000  0.99513591E-13 -143.58 0.85958406E-16 -100.99 0.81289727E-17  127.59
      12000.0000  0.93413496E-13 -143.61 0.80683667E-16 -100.98 0.74620908E-17  127.51
      12250.0000  0.87804950E-13 -143.64 0.75831230E-16 -100.96 0.68634529E-17  127.42
      12500.0000  0.82638801E-13 -143.67 0.71359999E-16 -100.95 0.63248597E-17  127.32
      12750.0000  0.77871728E-13 -143.70 0.67233491E-16 -100.94 0.58391510E-17  127.23
      13000.0000  0.73465472E-13 -143.72 0.63419258E-16 -100.93 0.54000950E-17  127.14
      13250.0000  0.69386167E-13 -143.75 0.59888395E-16 -100.92 0.50022791E-17  127.06
      13500.0000  0.65603760E-13 -143.77 0.56615110E-16 -100.91 0.46410064E-17  126.98
      13750.0000  0.62091514E-13 -143.78 0.53576351E-16 -100.91 0.43121999E-17  126.91
      14000.0000  0.58825584E-13 -143.80 0.50751481E-16 -100.90 0.40123171E-17  126.84
      14250.0000  0.55784648E-13 -143.81 0.48121995E-16 -100.89 0.37382735E-17  126.78
      14500.0000  0.52949594E-13 -143.83 0.45671271E-16 -100.89 0.34873767E-17  126.73
      14750.0000  0.50303251E-13 -143.84 0.43384353E-16 -100.88 0.32572699E-17  126.68
      15000.0000  0.47830156E-13 -143.85 0.41247764E-16 -100.88 0.30458827E-17  126.64
