          0.0000  0.30105326E-10    0.06 0.29966270E-06  179.98 0.53110154E-08    0.01
        250.0000  0.92748223E-12    0.52 0.52006479E-08    0.65 0.11404529E-08    0.26
        500.0000  0.15793272E-12    1.09 0.11299413E-08    1.63 0.19332883E-09    0.77
        750.0000  0.36466850E-13    1.34 0.43163158E-09    2.81 0.59963086E-10    1.47
       1000.0000  0.55275683E-14   -1.82 0.21057186E-09    4.14 0.24359563E-10    2.36
       1250.0000  0.37713299E-14 -169.09 0.11862189E-09    5.58 0.11636345E-10    3.43
       1500.0000  0.64282593E-14 -170.98 0.73526471E-10    7.09 0.62460025E-11    4.69
       1750.0000  0.68789555E-14 -170.21 0.48744722E-10    8.63 0.36742808E-11    6.10
       2000.0000  0.65723159E-14 -168.98 0.33931501E-10   10.19 0.23250162E-11    7.62
       2250.0000  0.60315911E-14 -167.60 0.24492450E-10   11.76 0.15572270E-11    9.20
       2500.0000  0.54498846E-14 -166.15 0.18174920E-10   13.33 0.10888110E-11   10.80
       2750.0000  0.48964262E-14 -164.68 0.13782596E-10   14.90 0.78599179E-12   12.41
       3000.0000  0.43928595E-14 -163.21 0.10636477E-10   16.48 0.58092722E-12   14.01
       3250.0000  0.39426756E-14 -161.76 0.83290562E-11   18.06 0.43696460E-12   15.63
       3500.0000  0.35428118E-14 -160.33 0.66040548E-11   19.65 0.33308288E-12   17.24
       3750.0000  0.31882242E-14 -158.91 0.52939029E-11   21.25 0.25654634E-12   18.88
       4000.0000  0.28736417E-14 -157.53 0.42854375E-11   22.85 0.19925568E-12   20.53
       4250.0000  0.25941846E-14 -156.17 0.35001652E-11   24.46 0.15584331E-12   22.20
       4500.0000  0.23455333E-14 -154.84 0.28824165E-11   26.08 0.12262893E-12   23.91
       4750.0000  0.21239285E-14 -153.53 0.23919682E-11   27.69 0.97018902E-13   25.65
       5000.0000  0.19261144E-14 -152.26 0.19992980E-11   29.31 0.77144980E-13   27.43
       5250.0000  0.17492702E-14 -151.01 0.16824461E-11   30.92 0.61637896E-13   29.25
       5500.0000  0.15909466E-14 -149.79 0.14248883E-11   32.52 0.49480142E-13   31.13
       5750.0000  0.14490097E-14 -148.60 0.12140649E-11   34.10 0.39907215E-13   33.05
       6000.0000  0.13215951E-14 -147.43 0.10403435E-11   35.67 0.32339559E-13   35.03
       6250.0000  0.12070692E-14 -146.30 0.89627764E-12   37.22 0.26334593E-13   37.06
       6500.0000  0.11039976E-14 -145.19 0.77606861E-12   38.74 0.21552274E-13   39.15
       6750.0000  0.10111179E-14 -144.12 0.67517029E-12   40.23 0.17729994E-13   41.30
       7000.0000  0.92731769E-15 -143.07 0.58999626E-12   41.70 0.14664041E-13   43.51
       7250.0000  0.85161488E-15 -142.05 0.51770041E-12   43.13 0.12195776E-13   45.77
       7500.0000  0.78314175E-15 -141.06 0.45601134E-12   44.52 0.10201235E-13   48.08
       7750.0000  0.72113062E-15 -140.11 0.40310646E-12   45.87 0.85832415E-14   50.44
       8000.0000  0.66490168E-15 -139.18 0.35751562E-12   47.18 0.72653988E-14   52.85
       8250.0000  0.61385236E-15 -138.28 0.31804681E-12   48.45 0.61874869E-14   55.29
       8500.0000  0.56744804E-15 -137.41 0.28372871E-12   49.67 0.53019159E-14   57.75
       8750.0000  0.52521396E-15 -136.57 0.25376589E-12   50.84 0.45709860E-14   60.24
       9000.0000  0.48672816E-15 -135.76 0.22750377E-12   51.96 0.39647633E-14   62.73
       9250.0000  0.45161518E-15 -134.98 0.20440111E-12   53.04 0.34594258E-14   65.23
       9500.0000  0.41954072E-15 -134.23 0.18400824E-12   54.06 0.30359728E-14   67.72
       9750.0000  0.39020673E-15 -133.51 0.16594981E-12   55.03 0.26792154E-14   70.20
      10000.0000  0.36334729E-15 -132.81 0.14991109E-12   55.94 0.23769839E-14   72.66
      10250.0000  0.33872486E-15 -132.14 0.13562695E-12   56.79 0.21195041E-14   75.09
      10500.0000  0.31612706E-15 -131.50 0.12287310E-12   57.59 0.18989067E-14   77.49
      10750.0000  0.29536376E-15 -130.89 0.11145892E-12   58.32 0.17088394E-14   79.87
      11000.0000  0.27626461E-15 -130.30 0.10122175E-12   58.99 0.15441597E-14   82.20
      11250.0000  0.25867678E-15 -129.74 0.92022247E-13   59.59 0.14006923E-14   84.51
      11500.0000  0.24246302E-15 -129.20 0.83740509E-13   60.13 0.12750362E-14   86.78
      11750.0000  0.22749994E-15 -128.69 0.76273015E-13   60.59 0.11644115E-14   89.02
      12000.0000  0.21367649E-15 -128.20 0.69530041E-13   60.98 0.10665380E-14   91.22
      12250.0000  0.20089257E-15 -127.73 0.63433548E-13   61.29 0.97953764E-15   93.40
      12500.0000  0.18905792E-15 -127.29 0.57915433E-13   61.51 0.90185764E-15   95.54
      12750.0000  0.17809102E-15 -126.87 0.52916074E-13   61.66 0.83220859E-15   97.66
      13000.0000  0.16791816E-15 -126.47 0.48383113E-13   61.71 0.76951502E-15   99.76
      13250.0000  0.15847262E-15 -126.09 0.44270437E-13   61.66 0.71287584E-15  101.84
      13500.0000  0.14969398E-15 -125.72 0.40537322E-13   61.52 0.66153255E-15  103.89
      13750.0000  0.14152740E-15 -125.38 0.37147706E-13   61.27 0.61484360E-15  105.93
      14000.0000  0.13392313E-15 -125.05 0.34069575E-13   60.91 0.57226379E-15  107.95
      14250.0000  0.12683592E-15 -124.75 0.31274434E-13   60.44 0.53332755E-15  109.96
      14500.0000  0.12022462E-15 -124.45 0.28736862E-13   59.85 0.49763540E-15  111.96
      14750.0000  0.11405173E-15 -124.18 0.26434116E-13   59.14 0.46484294E-15  113.94
      15000.0000  0.10828311E-15 -123.92 0.24345798E-13   58.30 0.43465187E-15  115.92
