          0.0000  0.29952243E-10    2.13 0.30068455E-06  179.39 0.53106840E-08    0.51
        250.0000  0.85578699E-12   19.57 0.47349941E-08   18.87 0.11186388E-08    9.78
        500.0000  0.12656809E-12   44.97 0.86590797E-09   39.56 0.17679952E-09   27.11
        750.0000  0.25811754E-13   84.76 0.26447435E-09   58.27 0.48832557E-10   47.66
       1000.0000  0.90140197E-14  156.89 0.98056859E-10   74.45 0.16979723E-10   69.98
       1250.0000  0.72260491E-14 -152.31 0.39788233E-10   87.08 0.66857158E-11   93.56
       1500.0000  0.57800022E-14 -127.01 0.16827662E-10   94.36 0.28575792E-11  118.25
       1750.0000  0.42943679E-14 -110.45 0.73841522E-11   92.84 0.13028611E-11  143.88
       2000.0000  0.30722406E-14  -98.23 0.37188433E-11   79.14 0.62843937E-12  170.10
       2250.0000  0.21635138E-14  -89.07 0.25284677E-11   60.97 0.31853794E-12 -163.51
       2500.0000  0.15209368E-14  -82.54 0.20952264E-11   50.89 0.16829117E-12 -137.37
       2750.0000  0.10794984E-14  -78.41 0.17893584E-11   48.16 0.91834586E-13 -111.72
       3000.0000  0.78161240E-15  -76.40 0.15029104E-11   48.81 0.51318910E-13  -86.66
       3250.0000  0.58231774E-15  -76.08 0.12409307E-11   50.60 0.29164888E-13  -62.15
       3500.0000  0.44848210E-15  -76.83 0.10149424E-11   52.49 0.16770519E-13  -38.10
       3750.0000  0.35679013E-15  -78.02 0.82844806E-12   54.05 0.97233082E-14  -14.41
       4000.0000  0.29169131E-15  -79.16 0.67889203E-12   55.10 0.56708085E-14    9.01
       4250.0000  0.24339974E-15  -80.01 0.56085447E-12   55.69 0.33217106E-14   32.23
       4500.0000  0.20604543E-15  -80.54 0.46820470E-12   55.92 0.19521160E-14   55.32
       4750.0000  0.17618603E-15  -80.78 0.39526473E-12   55.90 0.11501469E-14   78.32
       5000.0000  0.15177694E-15  -80.84 0.33730640E-12   55.78 0.67898981E-15  101.25
       5250.0000  0.13154193E-15  -80.80 0.29064926E-12   55.61 0.40145880E-15  124.15
       5500.0000  0.11462208E-15  -80.72 0.25255018E-12   55.47 0.23763904E-15  147.02
       5750.0000  0.10039222E-15  -80.63 0.22101322E-12   55.36 0.14077896E-15  169.88
       6000.0000  0.88368837E-16  -80.57 0.19459595E-12   55.28 0.83435405E-16 -167.25
       6250.0000  0.78164137E-16  -80.52 0.17224783E-12   55.24 0.49454712E-16 -144.36
       6500.0000  0.69462099E-16  -80.49 0.15318944E-12   55.22 0.29306582E-16 -121.44
       6750.0000  0.62004196E-16  -80.47 0.13682851E-12   55.21 0.17357505E-16  -98.45
       7000.0000  0.55579286E-16  -80.47 0.12270394E-12   55.20 0.10272092E-16  -75.36
       7250.0000  0.50015390E-16  -80.46 0.11044914E-12   55.19 0.60730339E-17  -52.12
       7500.0000  0.45172639E-16  -80.46 0.99767843E-13   55.19 0.35869780E-17  -28.68
       7750.0000  0.40937187E-16  -80.46 0.90417888E-13   55.18 0.21171857E-17   -4.95
       8000.0000  0.37216099E-16  -80.46 0.82199726E-13   55.18 0.12498044E-17   19.15
       8250.0000  0.33933139E-16  -80.46 0.74947999E-13   55.17 0.73902554E-18   43.74
       8500.0000  0.31025396E-16  -80.46 0.68525069E-13   55.17 0.43891629E-18   68.92
       8750.0000  0.28440622E-16  -80.46 0.62815914E-13   55.16 0.26291304E-18   94.77
       9000.0000  0.26135139E-16  -80.46 0.57724032E-13   55.15 0.15973782E-18  121.28
       9250.0000  0.24072214E-16  -80.45 0.53168129E-13   55.15 0.99081069E-19  148.29
       9500.0000  0.22220779E-16  -80.45 0.49079427E-13   55.14 0.63099679E-19  175.43
       9750.0000  0.20554426E-16  -80.45 0.45399491E-13   55.14 0.41371338E-19 -157.78
      10000.0000  0.19050606E-16  -80.45 0.42078461E-13   55.14 0.27886351E-19 -131.88
      10250.0000  0.17689983E-16  -80.45 0.39073611E-13   55.13 0.19232095E-19 -107.26
      10500.0000  0.16455914E-16  -80.45 0.36348186E-13   55.13 0.13488888E-19  -84.13
      10750.0000  0.15334023E-16  -80.45 0.33870446E-13   55.13 0.95694955E-20  -62.54
      11000.0000  0.14311847E-16  -80.44 0.31612883E-13   55.12 0.68406730E-20  -42.41
      11250.0000  0.13378549E-16  -80.44 0.29551575E-13   55.12 0.49166104E-20  -23.64
      11500.0000  0.12524674E-16  -80.44 0.27665653E-13   55.12 0.35501516E-20   -6.10
      11750.0000  0.11741948E-16  -80.44 0.25936853E-13   55.11 0.25758203E-20   10.34
      12000.0000  0.11023113E-16  -80.44 0.24349149E-13   55.11 0.18793229E-20   25.81
      12250.0000  0.10361780E-16  -80.44 0.22888435E-13   55.11 0.13801631E-20   40.43
      12500.0000  0.97523107E-17  -80.44 0.21542264E-13   55.11 0.10211868E-20   54.33
      12750.0000  0.91897196E-17  -80.44 0.20299625E-13   55.11 0.76170315E-21   67.63
      13000.0000  0.86695845E-17  -80.44 0.19150753E-13   55.10 0.57283264E-21   80.42
      13250.0000  0.81879745E-17  -80.44 0.18086968E-13   55.10 0.43413252E-21   92.80
      13500.0000  0.77413878E-17  -80.44 0.17100537E-13   55.10 0.33120693E-21  104.84
      13750.0000  0.73266975E-17  -80.44 0.16184553E-13   55.10 0.25395060E-21  116.61
      14000.0000  0.69411059E-17  -80.44 0.15332839E-13   55.10 0.19526415E-21  128.12
      14250.0000  0.65821049E-17  -80.43 0.14539855E-13   55.10 0.15016540E-21  139.41
      14500.0000  0.62474411E-17  -80.43 0.13800625E-13   55.10 0.11514850E-21  150.50
      14750.0000  0.59350867E-17  -80.43 0.13110670E-13   55.09 0.87714472E-22  161.45
      15000.0000  0.56432131E-17  -80.43 0.12465952E-13   55.09 0.66078151E-22  172.33
