          0.0000  0.30090490E-10    0.57 0.29979011E-06  179.82 0.53109918E-08    0.13
        250.0000  0.91932272E-12    5.64 0.51197540E-08    5.77 0.11384911E-08    2.56
        500.0000  0.15377826E-12   13.68 0.10721360E-08   13.29 0.19143437E-09    7.51
        750.0000  0.34885128E-13   26.64 0.38798269E-09   21.21 0.58352048E-10   13.93
       1000.0000  0.66824964E-14   66.53 0.17662742E-09   29.26 0.23028279E-10   21.53
       1250.0000  0.50130648E-14  163.00 0.91690488E-10   37.17 0.10545125E-10   30.21
       1500.0000  0.62161682E-14 -172.19 0.51839099E-10   44.71 0.53547450E-11   39.90
       1750.0000  0.60027605E-14 -161.15 0.31080174E-10   51.68 0.29475838E-11   50.39
       2000.0000  0.52976314E-14 -153.21 0.19417603E-10   57.91 0.17324757E-11   61.41
       2250.0000  0.45082227E-14 -146.52 0.12488837E-10   63.27 0.10734078E-11   72.68
       2500.0000  0.37770859E-14 -140.53 0.82000384E-11   67.58 0.69299709E-12   84.00
       2750.0000  0.31441911E-14 -135.05 0.54670002E-11   70.64 0.46159426E-12   95.26
       3000.0000  0.26118172E-14 -130.01 0.36922876E-11   72.20 0.31471682E-12  106.41
       3250.0000  0.21697027E-14 -125.38 0.25293626E-11   71.93 0.21833795E-12  117.46
       3500.0000  0.18046241E-14 -121.14 0.17682683E-11   69.57 0.15346728E-12  128.43
       3750.0000  0.15038606E-14 -117.29 0.12762788E-11   65.02 0.10895418E-12  139.35
       4000.0000  0.12562701E-14 -113.84 0.96497801E-12   58.70 0.77958521E-13  150.23
       4250.0000  0.10524605E-14 -110.79 0.77177004E-12   51.61 0.56130194E-13  161.11
       4500.0000  0.88464310E-15 -108.13 0.65110964E-12   44.99 0.40621497E-13  171.99
       4750.0000  0.74640091E-15 -105.86 0.57152136E-12   39.68 0.29525183E-13 -177.10
       5000.0000  0.63245653E-15 -103.97 0.51357273E-12   35.92 0.21540689E-13 -166.16
       5250.0000  0.53846849E-15 -102.45 0.46667198E-12   33.55 0.15768452E-13 -155.17
       5500.0000  0.46086139E-15 -101.26 0.42565545E-12   32.25 0.11579162E-13 -144.13
       5750.0000  0.39668753E-15 -100.39 0.38825965E-12   31.73 0.85285280E-14 -133.02
       6000.0000  0.34351546E-15  -99.80 0.35361419E-12   31.72 0.63005361E-14 -121.83
       6250.0000  0.29934031E-15  -99.44 0.32144960E-12   32.04 0.46690400E-14 -110.56
       6500.0000  0.26251134E-15  -99.28 0.29171409E-12   32.56 0.34713870E-14  -99.21
       6750.0000  0.23167302E-15  -99.26 0.26440216E-12   33.17 0.25901026E-14  -87.77
       7000.0000  0.20571628E-15  -99.35 0.23948688E-12   33.81 0.19400464E-14  -76.25
       7250.0000  0.18373775E-15  -99.52 0.21690042E-12   34.42 0.14593325E-14  -64.65
       7500.0000  0.16500509E-15  -99.73 0.19653531E-12   34.98 0.11028690E-14  -53.00
       7750.0000  0.14892734E-15  -99.95 0.17825347E-12   35.47 0.83773354E-15  -41.29
       8000.0000  0.13502953E-15 -100.17 0.16189696E-12   35.88 0.63984804E-15  -29.58
       8250.0000  0.12293096E-15 -100.37 0.14729785E-12   36.20 0.49157778E-15  -17.87
       8500.0000  0.11232689E-15 -100.55 0.13428630E-12   36.45 0.37999145E-15   -6.21
       8750.0000  0.10297329E-15 -100.71 0.12269666E-12   36.63 0.29559652E-15    5.36
       9000.0000  0.94674267E-16 -100.83 0.11237179E-12   36.74 0.23141748E-15   16.80
       9250.0000  0.87271933E-16 -100.93 0.10316581E-12   36.80 0.18232248E-15   28.08
       9500.0000  0.80638252E-16 -101.00 0.94945656E-13   36.82 0.14453055E-15   39.15
       9750.0000  0.74668636E-16 -101.04 0.87591675E-13   36.80 0.11525065E-15   49.99
      10000.0000  0.69276924E-16 -101.07 0.80997479E-13   36.76 0.92417058E-16   60.57
      10250.0000  0.64391478E-16 -101.09 0.75069373E-13   36.71 0.74495657E-16   70.86
      10500.0000  0.59952168E-16 -101.09 0.69725435E-13   36.64 0.60342147E-16   80.86
      10750.0000  0.55908055E-16 -101.08 0.64894431E-13   36.57 0.49098504E-16   90.56
      11000.0000  0.52215596E-16 -101.07 0.60514662E-13   36.50 0.40117441E-16   99.96
      11250.0000  0.48837267E-16 -101.05 0.56532816E-13   36.43 0.32907351E-16  109.05
      11500.0000  0.45740493E-16 -101.03 0.52902873E-13   36.37 0.27092199E-16  117.85
      11750.0000  0.42896813E-16 -101.01 0.49585102E-13   36.30 0.22382237E-16  126.36
      12000.0000  0.40281223E-16 -100.99 0.46545161E-13   36.25 0.18552595E-16  134.61
      12250.0000  0.37871650E-16 -100.97 0.43753305E-13   36.20 0.15427544E-16  142.60
      12500.0000  0.35648534E-16 -100.94 0.41183697E-13   36.15 0.12868872E-16  150.36
      12750.0000  0.33594482E-16 -100.92 0.38813827E-13   36.12 0.10767237E-16  157.90
      13000.0000  0.31693987E-16 -100.91 0.36624008E-13   36.08 0.90356888E-17  165.23
      13250.0000  0.29933187E-16 -100.89 0.34596960E-13   36.06 0.76047645E-17  172.39
      13500.0000  0.28299667E-16 -100.87 0.32717457E-13   36.03 0.64187545E-17  179.39
      13750.0000  0.26782284E-16 -100.86 0.30972034E-13   36.01 0.54328257E-17 -173.75
      14000.0000  0.25371024E-16 -100.85 0.29348737E-13   35.99 0.46107920E-17 -167.02
      14250.0000  0.24056871E-16 -100.84 0.27836921E-13   35.98 0.39233701E-17 -160.38
      14500.0000  0.22831697E-16 -100.83 0.26427072E-13   35.97 0.33468067E-17 -153.84
      14750.0000  0.21688160E-16 -100.82 0.25110664E-13   35.96 0.28617920E-17 -147.37
      15000.0000  0.20619625E-16 -100.81 0.23880034E-13   35.95 0.24525941E-17 -140.95
