          0.0000  0.30054806E-10    1.11 0.30003076E-06  179.66 0.53109257E-08    0.25
        250.0000  0.90106992E-12   10.71 0.49983940E-08   10.61 0.11336608E-08    5.04
        500.0000  0.14502537E-12   25.35 0.99944195E-09   23.37 0.18742499E-09   14.48
        750.0000  0.31438423E-13   48.56 0.34048078E-09   35.91 0.55442617E-10   26.24
       1000.0000  0.76513762E-14  108.35 0.14404898E-09   47.85 0.20978885E-10   39.57
       1250.0000  0.65422510E-14  178.00 0.68616175E-10   58.82 0.91051479E-11   54.18
       1500.0000  0.64858197E-14 -156.51 0.35140920E-10   68.40 0.43367041E-11   69.93
       1750.0000  0.56089930E-14 -142.15 0.18839161E-10   76.11 0.22209783E-11   86.60
       2000.0000  0.45595649E-14 -131.44 0.10400026E-10   81.32 0.12082093E-11  103.85
       2250.0000  0.36056620E-14 -122.61 0.58729383E-11   83.12 0.69098616E-12  121.31
       2500.0000  0.28167675E-14 -115.10 0.34253682E-11   80.34 0.41129371E-12  138.73
       2750.0000  0.21905460E-14 -108.67 0.21404148E-11   72.32 0.25242419E-12  155.94
       3000.0000  0.17032899E-14 -103.24 0.15089699E-11   60.91 0.15848610E-12  172.88
       3250.0000  0.13281768E-14  -98.78 0.12086962E-11   50.43 0.10117925E-12 -170.41
       3500.0000  0.10411837E-14  -95.26 0.10444821E-11   43.59 0.65388182E-13 -153.90
       3750.0000  0.82245735E-15  -92.65 0.92574857E-12   40.20 0.42642322E-13 -137.53
       4000.0000  0.65613233E-15  -90.89 0.82160612E-12   39.09 0.27999280E-13 -121.26
       4250.0000  0.52971910E-15  -89.87 0.72482236E-12   39.28 0.18481100E-13 -105.06
       4500.0000  0.43346522E-15  -89.46 0.63524776E-12   40.12 0.12248549E-13  -88.88
       4750.0000  0.35981176E-15  -89.51 0.55400430E-12   41.21 0.81442088E-14  -72.71
       5000.0000  0.30295977E-15  -89.85 0.48183167E-12   42.31 0.54293096E-14  -56.52
       5250.0000  0.25852401E-15  -90.34 0.41881621E-12   43.28 0.36271445E-14  -40.30
       5500.0000  0.22324589E-15  -90.86 0.36451576E-12   44.07 0.24274982E-14  -24.02
       5750.0000  0.19474732E-15  -91.33 0.31815535E-12   44.66 0.16271452E-14   -7.67
       6000.0000  0.17131925E-15  -91.70 0.27879736E-12   45.04 0.10922356E-14    8.77
       6250.0000  0.15174533E-15  -91.98 0.24546573E-12   45.27 0.73422981E-15   25.33
       6500.0000  0.13516149E-15  -92.16 0.21722731E-12   45.36 0.49435342E-15   42.03
       6750.0000  0.12094951E-15  -92.26 0.19323880E-12   45.37 0.33347958E-15   58.90
       7000.0000  0.10866006E-15  -92.31 0.17276840E-12   45.32 0.22550106E-15   75.96
       7250.0000  0.97958841E-16  -92.31 0.15519986E-12   45.24 0.15296616E-15   93.23
       7500.0000  0.88590220E-16  -92.29 0.14002553E-12   45.15 0.10419274E-15  110.72
       7750.0000  0.80353089E-16  -92.25 0.12683353E-12   45.07 0.71352765E-16  128.44
       8000.0000  0.73085062E-16  -92.22 0.11529265E-12   45.00 0.49197428E-16  146.37
       8250.0000  0.66652181E-16  -92.18 0.10513743E-12   44.94 0.34206431E-16  164.46
       8500.0000  0.60942142E-16  -92.15 0.96154714E-13   44.90 0.24019318E-16 -177.36
       8750.0000  0.55859745E-16  -92.12 0.88172426E-13   44.87 0.17054621E-16 -159.19
       9000.0000  0.51323713E-16  -92.10 0.81050392E-13   44.85 0.12254323E-16 -141.16
       9250.0000  0.47264367E-16  -92.09 0.74673263E-13   44.84 0.89119922E-17 -123.40
       9500.0000  0.43621834E-16  -92.08 0.68945065E-13   44.83 0.65568795E-17 -106.05
       9750.0000  0.40344593E-16  -92.08 0.63785100E-13   44.83 0.48756209E-17  -89.22
      10000.0000  0.37388271E-16  -92.07 0.59124865E-13   44.83 0.36593868E-17  -72.99
      10250.0000  0.34714611E-16  -92.07 0.54905732E-13   44.82 0.27683862E-17  -57.42
      10500.0000  0.32290588E-16  -92.07 0.51077188E-13   44.82 0.21082397E-17  -42.53
      10750.0000  0.30087646E-16  -92.07 0.47595474E-13   44.82 0.16144253E-17  -28.34
      11000.0000  0.28081041E-16  -92.07 0.44422522E-13   44.82 0.12421401E-17  -14.82
      11250.0000  0.26249279E-16  -92.07 0.41525095E-13   44.81 0.95973605E-18   -1.95
      11500.0000  0.24573643E-16  -92.07 0.38874096E-13   44.81 0.74447181E-18   10.29
      11750.0000  0.23037782E-16  -92.07 0.36443982E-13   44.80 0.57974877E-18   21.95
      12000.0000  0.21627375E-16  -92.07 0.34212287E-13   44.80 0.45328967E-18   33.08
      12250.0000  0.20329835E-16  -92.06 0.32159200E-13   44.80 0.35591731E-18   43.72
      12500.0000  0.19134074E-16  -92.06 0.30267221E-13   44.79 0.28071821E-18   53.92
      12750.0000  0.18030290E-16  -92.06 0.28520858E-13   44.79 0.22245649E-18   63.74
      13000.0000  0.17009799E-16  -92.06 0.26906363E-13   44.78 0.17715384E-18   73.24
      13250.0000  0.16064885E-16  -92.06 0.25411517E-13   44.78 0.14178262E-18   82.48
      13500.0000  0.15188677E-16  -92.06 0.24025431E-13   44.78 0.11403740E-18   91.50
      13750.0000  0.14375041E-16  -92.06 0.22738386E-13   44.77 0.92162830E-19  100.38
      14000.0000  0.13618489E-16  -92.05 0.21541684E-13   44.77 0.74822617E-19  109.14
      14250.0000  0.12914102E-16  -92.05 0.20427532E-13   44.77 0.60999294E-19  117.84
      14500.0000  0.12257462E-16  -92.05 0.19388928E-13   44.76 0.49917406E-19  126.51
      14750.0000  0.11644589E-16  -92.05 0.18419571E-13   44.76 0.40984720E-19  135.17
      15000.0000  0.11071899E-16  -92.05 0.17513782E-13   44.76 0.33747451E-19  143.84
