          0.0000  0.36309230E-12 -178.89 0.17536393E-07    0.64 0.17325826E-06    1.11
        250.0000  0.38951947E-12 -168.96 0.65008818E-10  173.69 0.61264255E-09 -177.99
        500.0000  0.55206731E-13 -151.52 0.92702291E-10 -156.00 0.56456926E-10 -169.97
        750.0000  0.14893013E-13 -130.87 0.27284337E-10 -135.42 0.12892580E-10 -155.50
       1000.0000  0.51351033E-14 -108.49 0.96646241E-11 -113.12 0.41273689E-11 -137.02
       1250.0000  0.20133126E-14  -84.88 0.38395845E-11  -89.56 0.15551371E-11 -116.33
       1500.0000  0.85811737E-15  -60.16 0.16504685E-11  -64.87 0.64438990E-12  -94.20
       1750.0000  0.39038559E-15  -34.52 0.75583024E-12  -39.27 0.28508915E-12  -70.95
       2000.0000  0.18796108E-15   -8.26 0.36592279E-12  -13.08 0.13295617E-12  -46.76
       2250.0000  0.95134398E-16   18.17 0.18602889E-12   13.24 0.64972512E-13  -21.89
       2500.0000  0.50209135E-16   44.36 0.98501847E-13   39.31 0.33118685E-13    3.35
       2750.0000  0.27379739E-16   70.06 0.53832827E-13   64.88 0.17513288E-13   28.61
       3000.0000  0.15294016E-16   95.16 0.30111672E-13   89.87 0.95446985E-14   53.66
       3250.0000  0.86897070E-17  119.70 0.17122485E-13  114.33 0.53250358E-14   78.35
       3500.0000  0.49962018E-17  143.77 0.98490864E-14  138.33 0.30230174E-14  102.66
       3750.0000  0.28965619E-17  167.48 0.57114106E-14  161.98 0.17379487E-14  126.61
       4000.0000  0.16892848E-17 -169.09 0.33313353E-14 -174.62 0.10082523E-14  150.27
       4250.0000  0.98949934E-18 -145.86 0.19514586E-14 -151.41 0.58876545E-15  173.70
       4500.0000  0.58151143E-18 -122.77 0.11468758E-14 -128.33 0.34545747E-15 -163.04
       4750.0000  0.34261492E-18  -99.76 0.67572643E-15 -105.34 0.20342167E-15 -139.90
       5000.0000  0.20226340E-18  -76.83 0.39891787E-15  -82.41 0.12010954E-15 -116.85
       5250.0000  0.11959054E-18  -53.93 0.23586342E-15  -59.52 0.71066462E-16  -93.85
       5500.0000  0.70790691E-19  -31.06 0.13961555E-15  -36.65 0.42116592E-16  -70.89
       5750.0000  0.41937205E-19   -8.20 0.82707949E-16  -13.79 0.24990724E-16  -47.94
       6000.0000  0.24855145E-19   14.67 0.49017440E-16    9.08 0.14842385E-16  -25.00
       6250.0000  0.14732569E-19   37.56 0.29053364E-16   31.97 0.88207949E-17   -2.05
       6500.0000  0.87305395E-20   60.48 0.17216353E-16   54.90 0.52442702E-17   20.93
       6750.0000  0.51709177E-20   83.47 0.10196499E-16   77.90 0.31184903E-17   43.94
       7000.0000  0.30601403E-20  106.56 0.60341231E-17  100.99 0.18544434E-17   67.01
       7250.0000  0.18091942E-20  129.79 0.35674766E-17  124.24 0.11026786E-17   90.16
       7500.0000  0.10685516E-20  153.22 0.21071751E-17  147.70 0.65561747E-18  113.43
       7750.0000  0.63066070E-21  176.94 0.12438707E-17  171.44 0.38983885E-18  136.84
       8000.0000  0.37223762E-21 -158.97 0.73442406E-18 -164.44 0.23190986E-18  160.45
       8250.0000  0.22005673E-21 -134.39 0.43442871E-18 -139.83 0.13812204E-18 -175.70
       8500.0000  0.13064451E-21 -109.22 0.25815736E-18 -114.63 0.82456510E-19 -151.55
       8750.0000  0.78213121E-22  -83.38 0.15476276E-18  -88.76 0.49427502E-19 -127.07
       9000.0000  0.47485904E-22  -56.86 0.94127652E-19  -62.26 0.29823054E-19 -102.23
       9250.0000  0.29431918E-22  -29.82 0.58453745E-19  -35.28 0.18168210E-19  -77.06
       9500.0000  0.18733044E-22   -2.62 0.37266996E-19   -8.18 0.11213569E-19  -51.67
       9750.0000  0.12281137E-22   24.24 0.24452726E-19   18.53 0.70347814E-20  -26.22
      10000.0000  0.82827701E-23   50.22 0.16486846E-19   44.35 0.44957751E-20   -0.98
      10250.0000  0.57192817E-23   74.90 0.11368088E-19   68.89 0.29286420E-20   23.73
      10500.0000  0.40181800E-23   98.05 0.79692472E-20   91.95 0.19423202E-20   47.63
      10750.0000  0.28560208E-23  119.61 0.56503049E-20  113.51 0.13082237E-20   70.48
      11000.0000  0.20451262E-23  139.65 0.40371777E-20  133.62 0.89215444E-21   92.12
      11250.0000  0.14716233E-23  158.26 0.29012290E-20  152.40 0.61433650E-21  112.49
      11500.0000  0.10628151E-23  175.59 0.20956221E-20  169.97 0.42629252E-21  131.56
      11750.0000  0.77012557E-24 -168.24 0.15220005E-20 -173.54 0.29776683E-21  149.37
      12000.0000  0.56000902E-24 -153.08 0.11124349E-20 -158.02 0.20932982E-21  165.98
      12250.0000  0.40881311E-24 -138.79 0.81917472E-21 -143.34 0.14818935E-21 -178.51
      12500.0000  0.29970154E-24 -125.20 0.60839463E-21 -129.38 0.10573858E-21 -163.99
      12750.0000  0.22065439E-24 -112.15 0.45608838E-21 -116.04 0.76142568E-22 -150.31
      13000.0000  0.16309915E-24  -99.44 0.34526451E-21 -103.21 0.55395188E-22 -137.27
      13250.0000  0.12095824E-24  -86.89 0.26392911E-21  -90.79 0.40742972E-22 -124.67
      13500.0000  0.89929463E-25  -74.29 0.20366473E-21  -78.74 0.30307405E-22 -112.29
      13750.0000  0.66979557E-25  -61.43 0.15856858E-21  -67.03 0.22804660E-22  -99.92
      14000.0000  0.49971143E-25  -48.07 0.12449944E-21  -55.67 0.17365630E-22  -87.42
      14250.0000  0.37390024E-25  -33.95 0.98537505E-22  -44.73 0.13393398E-22  -74.65
      14500.0000  0.28156417E-25  -18.86 0.78606233E-22  -34.32 0.10482076E-22  -61.64
      14750.0000  0.21482176E-25   -2.60 0.63210435E-22  -24.65 0.83497885E-23  -48.48
      15000.0000  0.16771375E-25   14.77 0.51268798E-22  -15.97 0.67848020E-23  -35.42
