          0.0000  0.36319650E-12 -179.45 0.17537254E-07    0.32 0.17330800E-06    0.55
        250.0000  0.39438325E-12 -174.34 0.68744854E-10  178.59 0.60397528E-09 -179.21
        500.0000  0.58468621E-13 -164.86 0.98321334E-10 -167.00 0.54468191E-10 -176.04
        750.0000  0.16896796E-13 -153.05 0.30957398E-10 -155.24 0.12560794E-10 -169.53
       1000.0000  0.63408195E-14 -139.70 0.11927861E-10 -141.92 0.41946380E-11 -160.38
       1250.0000  0.27404391E-14 -125.07 0.52222967E-11 -127.31 0.16857120E-11 -149.43
       1500.0000  0.13016880E-14 -109.31 0.25010985E-11 -111.56 0.75694029E-12 -137.10
       1750.0000  0.66527073E-15  -92.63 0.12861653E-11  -94.91 0.36746740E-12 -123.56
       2000.0000  0.36132146E-15  -75.36 0.70192559E-12  -77.69 0.18987797E-12 -108.94
       2250.0000  0.20638733E-15  -57.87 0.40242935E-12  -60.26 0.10349405E-12  -93.45
       2500.0000  0.12273685E-15  -40.43 0.23996899E-12  -42.89 0.59066076E-13  -77.37
       2750.0000  0.75280669E-16  -23.20 0.14746190E-12  -25.73 0.35034175E-13  -60.96
       3000.0000  0.47245725E-16   -6.23 0.92663535E-13   -8.82 0.21433424E-13  -44.45
       3250.0000  0.30153862E-16   10.49 0.59190916E-13    7.86 0.13430803E-13  -27.95
       3500.0000  0.19483683E-16   27.02 0.38267267E-13   24.35 0.85697587E-14  -11.52
       3750.0000  0.12704530E-16   43.39 0.24962097E-13   40.70 0.55423172E-14    4.83
       4000.0000  0.83411672E-17   59.67 0.16393262E-13   56.95 0.36205819E-14   21.10
       4250.0000  0.55052916E-17   75.88 0.10821885E-13   73.15 0.23831232E-14   37.31
       4500.0000  0.36485170E-17   92.06 0.71730212E-14   89.33 0.15776760E-14   53.50
       4750.0000  0.24258512E-17  108.23 0.47697932E-14  105.49 0.10491391E-14   69.66
       5000.0000  0.16171341E-17  124.42 0.31799664E-14  121.68 0.70014353E-15   85.83
       5250.0000  0.10803236E-17  140.64 0.21245488E-14  137.90 0.46858040E-15  102.01
       5500.0000  0.72299598E-18  156.92 0.14219471E-14  154.18 0.31434616E-15  118.22
       5750.0000  0.48460805E-18  173.26 0.95317847E-15  170.53 0.21130233E-15  134.47
       6000.0000  0.32528677E-18 -170.29 0.63986795E-15 -173.02 0.14228780E-15  150.76
       6250.0000  0.21865787E-18 -153.73 0.43016684E-15 -156.46 0.95970521E-16  167.12
       6500.0000  0.14721425E-18 -137.03 0.28965463E-15 -139.75 0.64833126E-16 -176.45
       6750.0000  0.99301459E-19 -120.17 0.19541586E-15 -122.88 0.43870294E-16 -159.94
       7000.0000  0.67143300E-19 -103.11 0.13215968E-15 -105.82 0.29739272E-16 -143.33
       7250.0000  0.45541743E-19  -85.84 0.89664429E-16  -88.55 0.20202171E-16 -126.61
       7500.0000  0.31017267E-19  -68.35 0.61087621E-16  -71.05 0.13757807E-16 -109.77
       7750.0000  0.21238320E-19  -50.63 0.41844152E-16  -53.34 0.93975712E-17  -92.82
       8000.0000  0.14641560E-19  -32.70 0.28859620E-16  -35.41 0.64429418E-17  -75.75
       8250.0000  0.10178480E-19  -14.61 0.20072083E-16  -17.33 0.44370102E-17  -58.57
       8500.0000  0.71460231E-20    3.58 0.14098968E-16    0.85 0.30718746E-17  -41.31
       8750.0000  0.50731504E-20   21.76 0.10013987E-16   19.00 0.21399427E-17  -24.01
       9000.0000  0.36447321E-20   39.80 0.71974528E-17   37.01 0.15012113E-17   -6.71
       9250.0000  0.26503607E-20   57.57 0.52355948E-17   54.75 0.10612478E-17   10.51
       9500.0000  0.19498331E-20   74.94 0.38526661E-17   72.07 0.75635327E-18   27.57
       9750.0000  0.14498298E-20   91.79 0.28650773E-17   88.88 0.54355262E-18   44.39
      10000.0000  0.10881723E-20  108.03 0.21504443E-17  105.08 0.39383608E-18   60.88
      10250.0000  0.82324836E-21  123.62 0.16268066E-17  120.62 0.28759426E-18   76.96
      10500.0000  0.62697192E-21  138.51 0.12387985E-17  135.48 0.21153729E-18   92.55
      10750.0000  0.48014832E-21  152.72 0.94854632E-18  149.65 0.15661954E-18  107.61
      11000.0000  0.36945328E-21  166.25 0.72973554E-18  163.14 0.11664596E-18  122.09
      11250.0000  0.28547721E-21  179.13 0.56376823E-18  175.98 0.87339410E-19  135.95
      11500.0000  0.22146008E-21 -168.62 0.43727506E-18 -171.80 0.65718353E-19  149.19
      11750.0000  0.17246840E-21 -156.94 0.34049522E-18 -160.15 0.49682307E-19  161.80
      12000.0000  0.13485327E-21 -145.80 0.26620806E-18 -149.05 0.37735307E-19  173.79
      12250.0000  0.10588713E-21 -135.16 0.20901610E-18 -138.43 0.28800664E-19 -174.84
      12500.0000  0.83515099E-22 -124.95 0.16485354E-18 -128.24 0.22096061E-19 -164.04
      12750.0000  0.66180743E-22 -115.12 0.13064165E-18 -118.44 0.17048406E-19 -153.79
      13000.0000  0.52701324E-22 -105.61 0.10404168E-18 -108.95 0.13235143E-19 -144.03
      13250.0000  0.42176585E-22  -96.37 0.83274154E-19  -99.73 0.10343190E-19 -134.71
      13500.0000  0.33920907E-22  -87.33 0.66984469E-19  -90.71 0.81398950E-20 -125.75
      13750.0000  0.27412181E-22  -78.46 0.54141507E-19  -81.84 0.64521016E-20 -117.09
      14000.0000  0.22252872E-22  -69.68 0.43960532E-19  -73.08 0.51509406E-20 -108.63
      14250.0000  0.18140246E-22  -60.98 0.35844184E-19  -64.39 0.41405709E-20 -100.32
      14500.0000  0.14843546E-22  -52.31 0.29337265E-19  -55.72 0.33498118E-20  -92.09
      14750.0000  0.12186514E-22  -43.64 0.24092183E-19  -47.06 0.27258228E-20  -83.87
      15000.0000  0.10034080E-22  -34.96 0.19842611E-19  -38.39 0.22293862E-20  -75.64
