          0.0000  0.36323406E-12 -179.97 0.17537536E-07    0.02 0.17332594E-06    0.03
        250.0000  0.39654558E-12 -179.71 0.71241481E-10  179.99 0.59988555E-09 -179.97
        500.0000  0.60267546E-13 -179.20 0.10154568E-09 -179.30 0.53011065E-10 -179.86
        750.0000  0.18260134E-13 -178.49 0.33515960E-10 -178.59 0.11993477E-10 -179.64
       1000.0000  0.73559218E-14 -177.61 0.13866373E-10 -177.71 0.39698223E-11 -179.34
       1250.0000  0.34986049E-14 -176.54 0.66834523E-11 -176.64 0.16008541E-11 -178.98
       1500.0000  0.18726811E-14 -175.28 0.36076846E-11 -175.38 0.73200033E-12 -178.57
       1750.0000  0.10994109E-14 -173.87 0.21307252E-11 -173.96 0.36855742E-12 -178.08
       2000.0000  0.69465809E-15 -172.35 0.13521993E-11 -172.45 0.20178224E-12 -177.47
       2250.0000  0.46476498E-15 -170.77 0.90754950E-12 -170.87 0.11915137E-12 -176.72
       2500.0000  0.32471962E-15 -169.16 0.63548133E-12 -169.28 0.75194344E-13 -175.81
       2750.0000  0.23428814E-15 -167.55 0.45919967E-12 -167.67 0.50161771E-13 -174.75
       3000.0000  0.17310182E-15 -165.94 0.33962512E-12 -166.07 0.34967545E-13 -173.58
       3250.0000  0.13017337E-15 -164.33 0.25557894E-12 -164.46 0.25206499E-13 -172.32
       3500.0000  0.99210196E-16 -162.71 0.19488110E-12 -162.84 0.18628970E-13 -171.00
       3750.0000  0.76404509E-16 -161.08 0.15013470E-12 -161.21 0.14023401E-13 -169.65
       4000.0000  0.59337171E-16 -159.43 0.11662650E-12 -159.56 0.10701269E-13 -168.27
       4250.0000  0.46406223E-16 -157.75 0.91228104E-13 -157.88 0.82501940E-14 -166.87
       4500.0000  0.36513942E-16 -156.05 0.71792025E-13 -156.18 0.64107676E-14 -165.46
       4750.0000  0.28887072E-16 -154.30 0.56803523E-13 -154.44 0.50125302E-14 -164.04
       5000.0000  0.22968811E-16 -152.52 0.45170812E-13 -152.66 0.39392203E-14 -162.61
       5250.0000  0.18351163E-16 -150.70 0.36093320E-13 -150.83 0.31090720E-14 -161.17
       5500.0000  0.14731003E-16 -148.83 0.28975941E-13 -148.96 0.24631456E-14 -159.73
       5750.0000  0.11880605E-16 -146.91 0.23371431E-13 -147.04 0.19581208E-14 -158.27
       6000.0000  0.96273507E-17 -144.93 0.18940680E-13 -145.06 0.15616680E-14 -156.81
       6250.0000  0.78394303E-17 -142.90 0.15424688E-13 -143.03 0.12493707E-14 -155.35
       6500.0000  0.64155762E-17 -140.81 0.12624442E-13 -140.94 0.10026157E-14 -153.87
       6750.0000  0.52775849E-17 -138.66 0.10386234E-13 -138.79 0.80710839E-15 -152.39
       7000.0000  0.43647940E-17 -136.45 0.85908229E-14 -136.58 0.65180557E-15 -150.89
       7250.0000  0.36299649E-17 -134.19 0.71453464E-14 -134.32 0.52813502E-15 -149.39
       7500.0000  0.30361842E-17 -131.87 0.59772345E-14 -132.00 0.42941616E-15 -147.87
       7750.0000  0.25545160E-17 -129.51 0.50295985E-14 -129.64 0.35042525E-15 -146.35
       8000.0000  0.21622129E-17 -127.11 0.42577132E-14 -127.24 0.28706602E-15 -144.81
       8250.0000  0.18413438E-17 -124.67 0.36263223E-14 -124.80 0.23611827E-15 -143.27
       8500.0000  0.15777388E-17 -122.20 0.31075631E-14 -122.33 0.19504484E-15 -141.71
       8750.0000  0.13601728E-17 -119.72 0.26793629E-14 -119.85 0.16184266E-15 -140.15
       9000.0000  0.11797332E-17 -117.22 0.23241953E-14 -117.36 0.13492729E-15 -138.57
       9250.0000  0.10293273E-17 -114.72 0.20281120E-14 -114.86 0.11304318E-15 -136.98
       9500.0000  0.90329800E-18 -112.23 0.17799875E-14 -112.37 0.95193717E-16 -135.38
       9750.0000  0.79712301E-18 -109.75 0.15709280E-14 -109.89 0.80586440E-16 -133.77
      10000.0000  0.70717909E-18 -107.30 0.13938069E-14 -107.44 0.68590208E-16 -132.16
      10250.0000  0.63055633E-18 -104.86 0.12429009E-14 -105.01 0.58701511E-16 -130.53
      10500.0000  0.56491194E-18 -102.46 0.11136014E-14 -102.60 0.50517988E-16 -128.90
      10750.0000  0.50835474E-18 -100.08 0.10021884E-14 -100.23 0.43717556E-16 -127.26
      11000.0000  0.45935384E-18  -97.74 0.90564990E-15  -97.89 0.38041943E-16 -125.61
      11250.0000  0.41666628E-18  -95.44 0.82154064E-15  -95.59 0.33283668E-16 -123.96
      11500.0000  0.37927964E-18  -93.17 0.74786851E-15  -93.32 0.29275743E-16 -122.30
      11750.0000  0.34636643E-18  -90.93 0.68300522E-15  -91.08 0.25883502E-16 -120.63
      12000.0000  0.31724785E-18  -88.72 0.62561496E-15  -88.88 0.22998125E-16 -118.96
      12250.0000  0.29136492E-18  -86.55 0.57459756E-15  -86.71 0.20531482E-16 -117.29
      12500.0000  0.26825547E-18  -84.40 0.52904332E-15  -84.56 0.18412043E-16 -115.61
      12750.0000  0.24753570E-18  -82.28 0.48819675E-15  -82.44 0.16581606E-16 -113.92
      13000.0000  0.22888553E-18  -80.18 0.45142771E-15  -80.34 0.14992695E-16 -112.24
      13250.0000  0.21203678E-18  -78.11 0.41820817E-15  -78.27 0.13606481E-16 -110.54
      13500.0000  0.19676372E-18  -76.05 0.38809363E-15  -76.21 0.12391114E-16 -108.85
      13750.0000  0.18287543E-18  -74.01 0.36070811E-15  -74.18 0.11320392E-16 -107.15
      14000.0000  0.17020965E-18  -71.99 0.33573207E-15  -72.16 0.10372692E-16 -105.44
      14250.0000  0.15862786E-18  -69.98 0.31289262E-15  -70.15 0.95301078E-17 -103.73
      14500.0000  0.14801117E-18  -67.99 0.29195561E-15  -68.15 0.87777633E-17 -102.02
      14750.0000  0.13825711E-18  -66.00 0.27271913E-15  -66.16 0.81032519E-17 -100.30
      15000.0000  0.12927692E-18  -64.02 0.25500831E-15  -64.19 0.74961890E-17  -98.58
