          0.0000  0.36322435E-12 -179.72 0.17537467E-07    0.16 0.17332130E-06    0.28
        250.0000  0.39592554E-12 -177.14 0.70444979E-10  179.69 0.60107553E-09 -179.65
        500.0000  0.59691820E-13 -172.17 0.10049602E-09 -173.21 0.53513972E-10 -178.35
        750.0000  0.17774703E-13 -165.73 0.32595677E-10 -166.78 0.12238401E-10 -175.56
       1000.0000  0.69560974E-14 -158.11 0.13097479E-10 -159.18 0.40985929E-11 -171.47
       1250.0000  0.31714147E-14 -149.41 0.60497412E-11 -150.47 0.16713995E-11 -166.37
       1500.0000  0.16057214E-14 -139.71 0.30884827E-11 -140.77 0.77067929E-12 -160.36
       1750.0000  0.88191856E-15 -129.19 0.17065614E-11 -130.26 0.38879894E-12 -153.39
       2000.0000  0.51744242E-15 -118.12 0.10058740E-11 -119.23 0.21111944E-12 -145.44
       2250.0000  0.32014760E-15 -106.80 0.62447506E-12 -107.95 0.12207182E-12 -136.61
       2500.0000  0.20645014E-15  -95.43 0.40368991E-12  -96.62 0.74442001E-13 -127.05
       2750.0000  0.13736783E-15  -84.14 0.26906851E-12  -85.37 0.47422855E-13 -117.00
       3000.0000  0.93553538E-16  -72.96 0.18346299E-12  -74.22 0.31272501E-13 -106.63
       3250.0000  0.64818731E-16  -61.90 0.12721459E-12  -63.19 0.21176710E-13  -96.08
       3500.0000  0.45487124E-16  -50.92 0.89323196E-13  -52.23 0.14629727E-13  -85.45
       3750.0000  0.32229834E-16  -40.01 0.63314241E-13  -41.34 0.10259151E-13  -74.77
       4000.0000  0.23006063E-16  -29.14 0.45207045E-13  -30.47 0.72755430E-14  -64.07
       4250.0000  0.16517963E-16  -18.28 0.32464594E-13  -19.62 0.52038400E-14  -53.36
       4500.0000  0.11915586E-16   -7.40 0.23422786E-13   -8.75 0.37466538E-14  -42.63
       4750.0000  0.86293324E-17    3.49 0.16965134E-13    2.15 0.27115678E-14  -31.89
       5000.0000  0.62705565E-17   14.43 0.12329218E-13   13.08 0.19707120E-14  -21.12
       5250.0000  0.45703348E-17   25.43 0.89871685E-14   24.08 0.14372926E-14  -10.33
       5500.0000  0.33405258E-17   36.49 0.65695251E-14   35.14 0.10514107E-14    0.49
       5750.0000  0.24483539E-17   47.64 0.48154697E-14   46.29 0.77118902E-15   11.34
       6000.0000  0.17994640E-17   58.87 0.35396124E-14   57.52 0.56705022E-15   22.24
       6250.0000  0.13264287E-17   70.20 0.26094484E-14   68.85 0.41793634E-15   33.19
       6500.0000  0.98084546E-18   81.63 0.19298470E-14   80.28 0.30875915E-15   44.18
       6750.0000  0.72784013E-18   93.17 0.14322596E-14   91.82 0.22865256E-15   55.22
       7000.0000  0.54220976E-18  104.82 0.10671435E-14  103.46 0.16975891E-15   66.32
       7250.0000  0.40569513E-18  116.55 0.79860335E-15  115.20 0.12637695E-15   77.47
       7500.0000  0.30504048E-18  128.38 0.60057886E-15  127.02 0.94358702E-16   88.67
       7750.0000  0.23060622E-18  140.26 0.45411818E-15  138.90 0.70679290E-16   99.91
       8000.0000  0.17537290E-18  152.18 0.34542027E-15  150.81 0.53128650E-16  111.18
       8250.0000  0.13422343E-18  164.10 0.26442406E-15  162.72 0.40089371E-16  122.47
       8500.0000  0.10342438E-18  175.98 0.20378865E-15  174.59 0.30376084E-16  133.76
       8750.0000  0.80249922E-19 -172.23 0.15815416E-15 -173.63 0.23118957E-16  145.03
       9000.0000  0.62708629E-19 -160.58 0.12360453E-15 -161.99 0.17678955E-16  156.26
       9250.0000  0.49344517E-19 -149.11 0.97276390E-16 -150.54 0.13586085E-16  167.41
       9500.0000  0.39091927E-19 -137.86 0.77073726E-16 -139.31 0.10494282E-16  178.46
       9750.0000  0.31169578E-19 -126.87 0.61459635E-16 -128.33 0.81484256E-17 -170.63
      10000.0000  0.25003246E-19 -116.17 0.49304296E-16 -117.65 0.63601702E-17 -159.88
      10250.0000  0.20169387E-19 -105.79 0.39774158E-16 -107.28 0.49902344E-17 -149.33
      10500.0000  0.16354126E-19  -95.72 0.32251333E-16  -97.24 0.39354042E-17 -139.01
      10750.0000  0.13323492E-19  -85.99 0.26275091E-16  -87.52 0.31189975E-17 -128.93
      11000.0000  0.10901876E-19  -76.58 0.21499520E-16  -78.13 0.24838670E-17 -119.12
      11250.0000  0.89564583E-20  -67.50 0.17662916E-16  -69.06 0.19872656E-17 -109.60
      11500.0000  0.73859651E-20  -58.73 0.14565675E-16  -60.31 0.15970820E-17 -100.36
      11750.0000  0.61125357E-20  -50.26 0.12054299E-16  -51.85 0.12890788E-17  -91.43
      12000.0000  0.50758249E-20  -42.07 0.10009799E-16  -43.67 0.10448670E-17  -82.79
      12250.0000  0.42287050E-20  -34.14 0.83392313E-17  -35.75 0.85041864E-18  -74.45
      12500.0000  0.35341127E-20  -26.45 0.69694930E-17  -28.07 0.69497310E-18  -66.39
      12750.0000  0.29627182E-20  -18.98 0.58427304E-17  -20.61 0.57023037E-18  -58.61
      13000.0000  0.24911841E-20  -11.71 0.49129088E-17  -13.35 0.46975440E-18  -51.09
      13250.0000  0.21008543E-20   -4.62 0.41432277E-17   -6.27 0.38852958E-18  -43.80
      13500.0000  0.17767552E-20    2.32 0.35041514E-17    0.66 0.32262931E-18  -36.75
      13750.0000  0.15068279E-20    9.12 0.29718948E-17    7.45 0.26896693E-18  -29.89
      14000.0000  0.12813323E-20   15.81 0.25272476E-17   14.14 0.22510726E-18  -23.20
      14250.0000  0.10923808E-20   22.40 0.21546547E-17   20.72 0.18912307E-18  -16.67
      14500.0000  0.93357104E-21   28.91 0.18414906E-17   27.22 0.15948492E-18  -10.27
      14750.0000  0.79969437E-21   35.36 0.15774847E-17   33.67 0.13497612E-18   -3.97
      15000.0000  0.68650375E-21   41.75 0.13542634E-17   40.06 0.11462664E-18    2.25
