   % Range crossline_e_amp crossline_e_phs inline_B_amp inline_B_phs  vertical_B_amp vertical_B_phs 
          0.0000  0.30038330e-06  179.66 0.30048371e-10 -178.89 0.79918207e-12    0.70
        250.0000  0.42228299e-08  179.05 0.10665125e-12 -121.26 0.14739913e-11    9.95
        500.0000  0.89051948e-09 -177.15 0.71669254e-13 -143.63 0.35831679e-12   24.72
        750.0000  0.34676855e-09 -170.38 0.50007207e-13 -145.42 0.14395980e-12   40.28
       1000.0000  0.17172828e-09 -162.07 0.34717313e-13 -141.85 0.70842882e-13   55.74
       1250.0000  0.95949620e-10 -153.32 0.24567404e-13 -136.50 0.38766571e-13   70.76
       1500.0000  0.57431624e-10 -144.85 0.17726211e-13 -130.47 0.22596668e-13   85.17
       1750.0000  0.35881065e-10 -137.10 0.12995077e-13 -124.29 0.13710307e-13   98.86
       2000.0000  0.23072633e-10 -130.41 0.96473241e-14 -118.28 0.85386537e-14  111.78
       2250.0000  0.15159669e-10 -125.04 0.72355330e-14 -112.65 0.54078058e-14  123.85
       2500.0000  0.10151553e-10 -121.25 0.54747389e-14 -107.56 0.34596351e-14  134.98
       2750.0000  0.69383849e-11 -119.21 0.41769027e-14 -103.10 0.22243009e-14  145.06
       3000.0000  0.48646285e-11 -119.00 0.32138950e-14  -99.34 0.14313947e-14  153.92
       3250.0000  0.35242064e-11 -120.45 0.24959790e-14  -96.34 0.91920687e-15  161.29
       3500.0000  0.26552457e-11 -123.10 0.19588710e-14  -94.07 0.58814330e-15  166.80
       3750.0000  0.20845021e-11 -126.25 0.15556922e-14  -92.50 0.37548631e-15  169.91
       4000.0000  0.16977708e-11 -129.26 0.12518093e-14  -91.55 0.24106942e-15  169.92
       4250.0000  0.14224977e-11 -131.70 0.10214380e-14  -91.10 0.15871771e-15  166.22
       4500.0000  0.12150641e-11 -133.42 0.84534396e-15  -91.00 0.11072095e-15  159.01
       4750.0000  0.10505382e-11 -134.49 0.70923359e-15  -91.14 0.84172990e-16  150.16
       5000.0000  0.91505972e-12 -135.06 0.60257355e-15  -91.40 0.69406824e-16  142.34
       5250.0000  0.80086822e-12 -135.28 0.51768482e-15  -91.68 0.60104248e-16  136.98
       5500.0000  0.70339422e-12 -135.29 0.44902644e-15  -91.94 0.53027261e-16  134.02
       5750.0000  0.61968906e-12 -135.20 0.39262760e-15  -92.14 0.46882475e-16  132.78
       6000.0000  0.54762744e-12 -135.07 0.34564623e-15  -92.28 0.41278843e-16  132.60
       6250.0000  0.48552357e-12 -134.94 0.30603665e-15  -92.36 0.36154279e-16  132.98
       6500.0000  0.43195620e-12 -134.83 0.27230778e-15  -92.40 0.31530971e-16  133.60
       6750.0000  0.38569324e-12 -134.77 0.24335254e-15  -92.40 0.27428632e-16  134.28
       7000.0000  0.34566001e-12 -134.73 0.21833061e-15  -92.39 0.23842319e-16  134.88
       7250.0000  0.31092392e-12 -134.72 0.19658919e-15  -92.36 0.20743501e-16  135.36
       7500.0000  0.28068347e-12 -134.74 0.17760997e-15  -92.33 0.18087739e-16  135.69
       7750.0000  0.25425687e-12 -134.76 0.16097365e-15  -92.30 0.15822702e-16  135.89
       8000.0000  0.23106939e-12 -134.79 0.14633594e-15  -92.27 0.13894496e-16  135.98
       8250.0000  0.21063969e-12 -134.83 0.13341097e-15  -92.24 0.12251944e-16  135.99
       8500.0000  0.19256630e-12 -134.86 0.12195946e-15  -92.22 0.10849038e-16  135.94
       8750.0000  0.17651474e-12 -134.89 0.11178004e-15  -92.21 0.96459931e-17  135.86
       9000.0000  0.16220608e-12 -134.92 0.10270250e-15  -92.20 0.86093399e-17  135.77
       9250.0000  0.14940700e-12 -134.94 0.94582565e-16  -92.18 0.77114452e-17  135.68
       9500.0000  0.13792149e-12 -134.96 0.87297557e-16  -92.18 0.69297486e-17  135.60
       9750.0000  0.12758399e-12 -134.98 0.80742916e-16  -92.17 0.62459206e-17  135.53
      10000.0000  0.11825391e-12 -135.00 0.74829263e-16  -92.16 0.56450632e-17  135.48
      10250.0000  0.10981119e-12 -135.01 0.69479970e-16  -92.16 0.51150139e-17  135.43
      10500.0000  0.10215276e-12 -135.02 0.64629137e-16  -92.15 0.46457720e-17  135.39
      10750.0000  0.95189689e-13 -135.04 0.60219901e-16  -92.14 0.42290438e-17  135.36
      11000.0000  0.88844930e-13 -135.05 0.56203033e-16  -92.14 0.38578897e-17  135.33
      11250.0000  0.83051465e-13 -135.06 0.52535770e-16  -92.13 0.35264541e-17  135.30
      11500.0000  0.77750791e-13 -135.07 0.49180843e-16  -92.13 0.32297591e-17  135.28
      11750.0000  0.72891681e-13 -135.08 0.46105667e-16  -92.12 0.29635466e-17  135.26
      12000.0000  0.68429147e-13 -135.09 0.43281662e-16  -92.12 0.27241551e-17  135.24
      12250.0000  0.64323575e-13 -135.10 0.40683689e-16  -92.12 0.25084234e-17  135.22
      12500.0000  0.60539991e-13 -135.11 0.38289573e-16  -92.11 0.23136129e-17  135.20
      12750.0000  0.57047447e-13 -135.11 0.36079702e-16  -92.11 0.21373438e-17  135.18
      13000.0000  0.53818491e-13 -135.12 0.34036685e-16  -92.10 0.19775438e-17  135.16
      13250.0000  0.50828717e-13 -135.13 0.32145068e-16  -92.10 0.18324034e-17  135.15
      13500.0000  0.48056380e-13 -135.14 0.30391080e-16  -92.10 0.17003396e-17  135.13
      13750.0000  0.45482065e-13 -135.14 0.28762428e-16  -92.09 0.15799643e-17  135.11
      14000.0000  0.43088399e-13 -135.15 0.27248113e-16  -92.09 0.14700579e-17  135.10
      14250.0000  0.40859808e-13 -135.15 0.25838274e-16  -92.09 0.13695464e-17  135.08
      14500.0000  0.38782301e-13 -135.16 0.24524054e-16  -92.09 0.12774821e-17  135.07
      14750.0000  0.36843288e-13 -135.17 0.23297481e-16  -92.08 0.11930269e-17  135.06
      15000.0000  0.35031415e-13 -135.17 0.22151368e-16  -92.08 0.11154383e-17  135.04
   % Range crossline_B_amp crossline_B_phs inline_e_amp inline_e_phs  vertical_e_amp vertical_e_phs 
          0.0000  0.30054805e-10    1.11 0.30003076e-06  179.66 0.53109257e-08    0.25
        250.0000  0.90106951e-12   10.71 0.49983931e-08   10.61 0.11336608e-08    5.04
        500.0000  0.14502485e-12   25.35 0.99944093e-09   23.37 0.18742493e-09   14.48
        750.0000  0.31437821e-13   48.56 0.34047976e-09   35.91 0.55442540e-10   26.24
       1000.0000  0.76508806e-14  108.36 0.14404804e-09   47.85 0.20978790e-10   39.57
       1250.0000  0.65423084e-14  178.00 0.68615358e-10   58.82 0.91050458e-11   54.18
       1500.0000  0.64860028e-14 -156.51 0.35140253e-10   68.40 0.43366048e-11   69.93
       1750.0000  0.56091785e-14 -142.15 0.18838639e-10   76.11 0.22208901e-11   86.60
       2000.0000  0.45597214e-14 -131.44 0.10399635e-10   81.32 0.12081370e-11  103.85
       2250.0000  0.36057821e-14 -122.61 0.58726581e-11   83.12 0.69093094e-12  121.32
       2500.0000  0.28168530e-14 -115.09 0.34251819e-11   80.33 0.41125404e-12  138.74
       2750.0000  0.21906021e-14 -108.66 0.21403068e-11   72.32 0.25239712e-12  155.94
       3000.0000  0.17033230e-14 -103.24 0.15089200e-11   60.91 0.15846843e-12  172.89
       3250.0000  0.13281932e-14  -98.78 0.12086785e-11   50.43 0.10116814e-12 -170.40
       3500.0000  0.10411889e-14  -95.26 0.10444762e-11   43.59 0.65381415e-13 -153.88
       3750.0000  0.82245571e-15  -92.65 0.92574402e-12   40.20 0.42638312e-13 -137.52
       4000.0000  0.65612713e-15  -90.88 0.82159952e-12   39.09 0.27996950e-13 -121.25
       4250.0000  0.52971263e-15  -89.87 0.72481341e-12   39.28 0.18479757e-13 -105.04
       4500.0000  0.43345889e-15  -89.46 0.63523725e-12   40.12 0.12247767e-13  -88.86
       4750.0000  0.35980628e-15  -89.51 0.55399326e-12   41.21 0.81437351e-14  -72.69
       5000.0000  0.30295536e-15  -89.85 0.48182100e-12   42.31 0.54289983e-14  -56.51
       5250.0000  0.25852060e-15  -90.34 0.41880653e-12   43.28 0.36269162e-14  -40.29
       5500.0000  0.22324326e-15  -90.86 0.36450743e-12   44.07 0.24273113e-14  -24.01
       5750.0000  0.19474523e-15  -91.32 0.31814849e-12   44.66 0.16269792e-14   -7.67
       6000.0000  0.17131749e-15  -91.70 0.27879190e-12   45.04 0.10920814e-14    8.77
       6250.0000  0.15174375e-15  -91.98 0.24546148e-12   45.27 0.73408382e-15   25.33
       6500.0000  0.13515998e-15  -92.16 0.21722404e-12   45.36 0.49421496e-15   42.02
       6750.0000  0.12094806e-15  -92.26 0.19323627e-12   45.37 0.33334903e-15   58.88
       7000.0000  0.10865864e-15  -92.31 0.17276639e-12   45.32 0.22537912e-15   75.93
       7250.0000  0.97957462e-16  -92.31 0.15519818e-12   45.24 0.15285352e-15   93.19
       7500.0000  0.88588902e-16  -92.29 0.14002405e-12   45.15 0.10408992e-15  110.68
       7750.0000  0.80351850e-16  -92.25 0.12683215e-12   45.07 0.71260099e-16  128.39
       8000.0000  0.73083916e-16  -92.22 0.11529132e-12   45.00 0.49115032e-16  146.31
       8250.0000  0.66651136e-16  -92.18 0.10513611e-12   44.94 0.34134214e-16  164.40
       8500.0000  0.60941199e-16  -92.15 0.96153408e-13   44.90 0.23956980e-16 -177.41
       8750.0000  0.55858902e-16  -92.12 0.88171130e-13   44.87 0.17001657e-16 -159.24
       9000.0000  0.51322963e-16  -92.10 0.81049117e-13   44.85 0.12210037e-16 -141.19
       9250.0000  0.47263703e-16  -92.09 0.74672018e-13   44.84 0.88755305e-17 -123.41
       9500.0000  0.43621246e-16  -92.08 0.68943861e-13   44.83 0.65272860e-17 -106.04
       9750.0000  0.40344071e-16  -92.08 0.63783946e-13   44.83 0.48519010e-17  -89.17
      10000.0000  0.37387805e-16  -92.07 0.59123766e-13   44.83 0.36405703e-17  -72.92
      10250.0000  0.34714194e-16  -92.07 0.54904693e-13   44.82 0.27535778e-17  -57.32
      10500.0000  0.32290212e-16  -92.07 0.51076209e-13   44.82 0.20966504e-17  -42.40
      10750.0000  0.30087305e-16  -92.07 0.47594557e-13   44.82 0.16053850e-17  -28.18
      11000.0000  0.28080729e-16  -92.07 0.44421663e-13   44.82 0.12350964e-17  -14.63
      11250.0000  0.26248992e-16  -92.07 0.41524294e-13   44.81 0.95424388e-18   -1.74
      11500.0000  0.24573377e-16  -92.07 0.38873348e-13   44.81 0.74017927e-18   10.52
      11750.0000  0.23037535e-16  -92.07 0.36443285e-13   44.81 0.57638116e-18   22.21
      12000.0000  0.21627143e-16  -92.07 0.34211636e-13   44.80 0.45063477e-18   33.36
      12250.0000  0.20329618e-16  -92.06 0.32158592e-13   44.80 0.35381240e-18   44.01
      12500.0000  0.19133870e-16  -92.06 0.30266653e-13   44.79 0.27903909e-18   54.23
      12750.0000  0.18030097e-16  -92.06 0.28520326e-13   44.79 0.22110859e-18   64.07
      13000.0000  0.17009616e-16  -92.06 0.26905865e-13   44.79 0.17606522e-18   73.58
      13250.0000  0.16064712e-16  -92.06 0.25411049e-13   44.78 0.14089839e-18   82.82
      13500.0000  0.15188513e-16  -92.06 0.24024991e-13   44.78 0.11331552e-18   91.86
      13750.0000  0.14374885e-16  -92.06 0.22737972e-13   44.77 0.91570906e-19  100.74
      14000.0000  0.13618341e-16  -92.05 0.21541294e-13   44.77 0.74335474e-19  109.51
      14250.0000  0.12913961e-16  -92.05 0.20427163e-13   44.77 0.60597201e-19  118.21
      14500.0000  0.12257327e-16  -92.05 0.19388578e-13   44.76 0.49584742e-19  126.88
      14750.0000  0.11644461e-16  -92.05 0.18419240e-13   44.76 0.40709004e-19  135.54
      15000.0000  0.11071777e-16  -92.05 0.17513469e-13   44.76 0.33518629e-19  144.22
   % Range crossline_B_amp crossline_B_phs inline_e_amp inline_e_phs  vertical_e_amp vertical_e_phs 
          0.0000  0.36319650e-12 -179.45 0.17537254e-07    0.32 0.17330800e-06    0.55
        250.0000  0.39438324e-12 -174.34 0.68744840e-10  178.59 0.60397529e-09 -179.21
        500.0000  0.58468606e-13 -164.86 0.98321302e-10 -167.00 0.54468202e-10 -176.04
        750.0000  0.16896773e-13 -153.05 0.30957352e-10 -155.24 0.12560803e-10 -169.53
       1000.0000  0.63407915e-14 -139.70 0.11927805e-10 -141.92 0.41946449e-11 -160.38
       1250.0000  0.27404089e-14 -125.07 0.52222362e-11 -127.31 0.16857163e-11 -149.43
       1500.0000  0.13016586e-14 -109.31 0.25010399e-11 -111.56 0.75694229e-12 -137.10
       1750.0000  0.66524450e-15  -92.63 0.12861134e-11  -94.91 0.36746761e-12 -123.56
       2000.0000  0.36129992e-15  -75.36 0.70188322e-12  -77.69 0.18987703e-12 -108.94
       2250.0000  0.20637085e-15  -57.87 0.40239709e-12  -60.26 0.10349256e-12  -93.45
       2500.0000  0.12272500e-15  -40.42 0.23994587e-12  -42.89 0.59064479e-13  -77.36
       2750.0000  0.75272573e-16  -23.19 0.14744616e-12  -25.72 0.35032740e-13  -60.96
       3000.0000  0.47240435e-16   -6.22 0.92653273e-13   -8.81 0.21432266e-13  -44.44
       3250.0000  0.30150533e-16   10.51 0.59184472e-13    7.87 0.13429935e-13  -27.94
       3500.0000  0.19481656e-16   27.03 0.38263347e-13   24.36 0.85691402e-14  -11.51
       3750.0000  0.12703328e-16   43.41 0.24959774e-13   40.71 0.55418919e-14    4.84
       4000.0000  0.83404688e-17   59.68 0.16391912e-13   56.97 0.36202954e-14   21.11
       4250.0000  0.55048898e-17   75.89 0.10821106e-13   73.17 0.23829312e-14   37.33
       4500.0000  0.36482836e-17   92.07 0.71725662e-14   89.34 0.15775460e-14   53.51
       4750.0000  0.24257102e-17  108.25 0.47695155e-14  105.51 0.10490489e-14   69.68
       5000.0000  0.16170419e-17  124.43 0.31797825e-14  121.70 0.70007861e-15   85.85
       5250.0000  0.10802563e-17  140.65 0.21244128e-14  137.92 0.46853163e-15  102.03
       5500.0000  0.72294100e-18  156.93 0.14218352e-14  154.19 0.31430798e-15  118.24
       5750.0000  0.48455926e-18  173.27 0.95307886e-15  170.54 0.21127139e-15  134.48
       6000.0000  0.32524142e-18 -170.29 0.63977541e-15 -173.02 0.14226208e-15  150.78
       6250.0000  0.21861492e-18 -153.73 0.43007941e-15 -156.46 0.95948783e-16  167.13
       6500.0000  0.14717346e-18 -137.04 0.28957187e-15 -139.76 0.64814578e-16 -176.44
       6750.0000  0.99262955e-19 -120.18 0.19533799e-15 -122.90 0.43854395e-16 -159.93
       7000.0000  0.67107295e-19 -103.14 0.13208708e-15 -105.85 0.29725626e-16 -143.32
       7250.0000  0.45508449e-19  -85.88 0.89597482e-16  -88.58 0.20190472e-16 -126.61
       7500.0000  0.30986850e-19  -68.39 0.61026612e-16  -71.10 0.13747803e-16 -109.78
       7750.0000  0.21210884e-19  -50.68 0.41789249e-16  -53.38 0.93890477e-17  -92.83
       8000.0000  0.14617146e-19  -32.76 0.28810869e-16  -35.46 0.64357153e-17  -75.76
       8250.0000  0.10157067e-19  -14.66 0.20029410e-16  -17.38 0.44309190e-17  -58.59
       8500.0000  0.71275267e-20    3.53 0.14062177e-16    0.79 0.30667755e-17  -41.33
       8750.0000  0.50574258e-20   21.71 0.99827626e-17   18.96 0.21357073e-17  -24.02
       9000.0000  0.36315768e-20   39.77 0.71713697e-17   36.98 0.14977238e-17   -6.72
       9250.0000  0.26395246e-20   57.56 0.52141387e-17   54.74 0.10584029e-17   10.50
       9500.0000  0.19410347e-20   74.95 0.38352646e-17   72.09 0.75405509e-18   27.58
       9750.0000  0.14427754e-20   91.83 0.28511381e-17   88.92 0.54171409e-18   44.41
      10000.0000  0.10825747e-20  108.10 0.21393921e-17  105.15 0.39237894e-18   60.92
      10250.0000  0.81884219e-21  123.72 0.16181120e-17  120.72 0.28644922e-18   77.02
      10500.0000  0.62352304e-21  138.64 0.12319959e-17  135.61 0.21064413e-18   92.64
      10750.0000  0.47745768e-21  152.88 0.94324096e-18  149.81 0.15592698e-18  107.72
      11000.0000  0.36735670e-21  166.44 0.72560239e-18  163.33 0.11611125e-18  122.22
      11250.0000  0.28384240e-21  179.34 0.56054573e-18  176.19 0.86927597e-19  136.12
      11500.0000  0.22018233e-21 -168.38 0.43475644e-18 -171.56 0.65401382e-19  149.38
      11750.0000  0.17146598e-21 -156.68 0.33851920e-18 -159.90 0.49438016e-19  162.01
      12000.0000  0.13406302e-21 -145.53 0.26465010e-18 -148.77 0.37546426e-19  174.02
      12250.0000  0.10526063e-21 -134.86 0.20778072e-18 -138.13 0.28653898e-19 -174.58
      12500.0000  0.83015361e-22 -124.64 0.16386791e-18 -127.93 0.21981275e-19 -163.76
      12750.0000  0.65779620e-22 -114.79 0.12985032e-18 -118.11 0.16957938e-19 -153.49
      13000.0000  0.52377385e-22 -105.27 0.10340245e-18 -108.61 0.13163234e-19 -143.72
      13250.0000  0.41913491e-22  -96.02 0.82754847e-19  -99.38 0.10285539e-19 -134.38
      13500.0000  0.33706142e-22  -86.98 0.66560446e-19  -90.35 0.80932844e-20 -125.41
      13750.0000  0.27236096e-22  -78.10 0.53793771e-19  -81.48 0.64141308e-20 -116.73
      14000.0000  0.22107973e-22  -69.32 0.43674322e-19  -72.72 0.51198058e-20 -108.27
      14250.0000  0.18020657e-22  -60.61 0.35607922e-19  -64.02 0.41149071e-20  -99.95
      14500.0000  0.14744617e-22  -51.94 0.29141787e-19  -55.35 0.33285699e-20  -91.71
      14750.0000  0.12104530e-22  -43.27 0.23930163e-19  -46.69 0.27081894e-20  -83.50
      15000.0000  0.99660474e-23  -34.58 0.19708141e-19  -38.02 0.22147190e-20  -75.26
