   % Range crossline_e_amp crossline_e_phs inline_B_amp inline_B_phs  vertical_B_amp vertical_B_phs 
          0.0000  0.30038330e-06  179.66 0.30048371e-10 -178.89 0.79918207e-12    0.70
        166.6667  0.10314155e-07  178.72 0.21234528e-12 -137.63 0.31326055e-11    5.66
        333.3333  0.22272381e-08  179.90 0.88433012e-13 -131.82 0.83446174e-12   14.67
        500.0000  0.89051875e-09 -177.15 0.71669864e-13 -143.63 0.35831674e-12   24.72
        666.6667  0.45790622e-09 -172.87 0.56572160e-13 -145.77 0.18927235e-12   35.08
        833.3333  0.26931155e-09 -167.71 0.44210293e-13 -144.55 0.11185624e-12   45.47
       1000.0000  0.17172749e-09 -162.07 0.34717800e-13 -141.85 0.70842766e-13   55.74
       1166.6667  0.11539717e-09 -156.24 0.27506128e-13 -138.39 0.46991224e-13   65.82
       1333.3333  0.80375725e-10 -150.44 0.21991319e-13 -134.53 0.32201676e-13   75.64
       1500.0000  0.57430888e-10 -144.85 0.17726589e-13 -130.47 0.22596513e-13   85.17
       1666.6667  0.41815343e-10 -139.58 0.14390106e-13 -126.34 0.16138720e-13   94.38
       1833.3333  0.30884939e-10 -134.74 0.11752182e-13 -122.26 0.11680441e-13  103.26
       2000.0000  0.23072049e-10 -130.41 0.96475802e-14 -118.28 0.85384971e-14  111.78
       2166.6667  0.17399833e-10 -126.67 0.79557414e-14 -114.48 0.62881152e-14  119.93
       2333.3333  0.13234542e-10 -123.59 0.65872858e-14 -110.89 0.46556335e-14  127.67
       2500.0000  0.10151167e-10 -121.25 0.54748848e-14 -107.55 0.34594997e-14  134.98
       2666.6667  0.78566775e-11 -119.69 0.45670490e-14 -104.50 0.25762925e-14  141.83
       2833.3333  0.61441744e-11 -118.95 0.38238544e-14 -101.76 0.19203735e-14  148.16
       3000.0000  0.48644493e-11 -119.01 0.32139582e-14  -99.34 0.14312884e-14  153.92
       3166.6667  0.39077923e-11 -119.81 0.27124830e-14  -97.25 0.10657370e-14  159.02
       3333.3333  0.31921272e-11 -121.24 0.22994934e-14  -95.50 0.79232676e-15  163.36
       3500.0000  0.26552356e-11 -123.10 0.19588838e-14  -94.07 0.58806754e-15  166.80
       3666.6667  0.22496877e-11 -125.20 0.16775536e-14  -92.95 0.43598286e-15  169.18
       3833.3333  0.19395095e-11 -127.31 0.14447902e-14  -92.12 0.32345095e-15  170.29
       4000.0000  0.16978467e-11 -129.27 0.12518003e-14  -91.55 0.24102570e-15  169.92
       4166.6667  0.15051221e-11 -130.97 0.10913511e-14  -91.20 0.18157048e-15  167.87
       4333.3333  0.13474351e-11 -132.35 0.95749160e-15  -91.03 0.13959121e-15  164.13
       4500.0000  0.12151512e-11 -133.42 0.84533218e-15  -91.00 0.11071035e-15  158.99
       4666.6667  0.11017128e-11 -134.20 0.75086742e-15  -91.08 0.91299509e-16  153.10
       4833.3333  0.10026989e-11 -134.73 0.67082991e-15  -91.22 0.78330902e-16  147.31
       5000.0000  0.91512537e-12 -135.06 0.60256728e-15  -91.40 0.69416434e-16  142.32
       5166.6667  0.83694994e-12 -135.24 0.54393716e-15  -91.59 0.62861943e-16  138.46
       5333.3333  0.76673662e-12 -135.30 0.49321691e-15  -91.77 0.57602039e-16  135.75
       5500.0000  0.70343461e-12 -135.29 0.44902614e-15  -91.94 0.53038940e-16  134.02
       5666.6667  0.64623690e-12 -135.24 0.41026079e-15  -92.08 0.48872331e-16  133.04
       5833.3333  0.59449186e-12 -135.16 0.37603779e-15  -92.19 0.44970211e-16  132.63
       6000.0000  0.54764921e-12 -135.07 0.34564935e-15  -92.28 0.41286651e-16  132.59
       6166.6667  0.50522791e-12 -134.98 0.31852574e-15  -92.34 0.37814673e-16  132.81
       6333.3333  0.46679741e-12 -134.90 0.29420551e-15  -92.38 0.34561236e-16  133.17
       6500.0000  0.43196719e-12 -134.84 0.27231187e-15  -92.40 0.31534995e-16  133.61
       6666.6667  0.40038080e-12 -134.79 0.25253429e-15  -92.40 0.28741014e-16  134.06
       6833.3333  0.37171265e-12 -134.75 0.23461426e-15  -92.40 0.26179103e-16  134.49
       7000.0000  0.34566593e-12 -134.73 0.21833430e-15  -92.39 0.23843925e-16  134.88
       7166.6667  0.32197114e-12 -134.72 0.20350957e-15  -92.37 0.21725878e-16  135.22
       7333.3333  0.30038470e-12 -134.73 0.18998149e-15  -92.35 0.19812216e-16  135.49
       7500.0000  0.28068748e-12 -134.74 0.17761284e-15  -92.33 0.18088160e-16  135.69
       7666.6667  0.26268324e-12 -134.75 0.16628395e-15  -92.31 0.16537871e-16  135.84
       7833.3333  0.24619692e-12 -134.77 0.15588988e-15  -92.29 0.15145243e-16  135.93
       8000.0000  0.23107282e-12 -134.79 0.14633805e-15  -92.27 0.13894505e-16  135.98
       8166.6667  0.21717280e-12 -134.82 0.13754651e-15  -92.25 0.12770654e-16  135.99
       8333.3333  0.20437447e-12 -134.84 0.12944245e-15  -92.24 0.11759735e-16  135.98
       8500.0000  0.19256950e-12 -134.86 0.12196102e-15  -92.22 0.10849000e-16  135.94
       8666.6667  0.18166199e-12 -134.88 0.11504435e-15  -92.21 0.10026972e-16  135.89
       8833.3333  0.17156696e-12 -134.90 0.10864068e-15  -92.20 0.92834319e-17  135.83
       9000.0000  0.16220905e-12 -134.92 0.10270371e-15  -92.20 0.86093625e-17  135.77
       9166.6667  0.15352129e-12 -134.93 0.97191905e-16  -92.19 0.79968578e-17  135.71
       9333.3333  0.14544407e-12 -134.95 0.92068007e-16  -92.18 0.74390161e-17  135.65
       9500.0000  0.13792416e-12 -134.96 0.87298534e-16  -92.18 0.69298270e-17  135.60
       9666.6667  0.13091396e-12 -134.98 0.82853366e-16  -92.17 0.64640611e-17  135.55
       9833.3333  0.12437079e-12 -134.99 0.78705373e-16  -92.17 0.60371646e-17  135.51
      10000.0000  0.11825625e-12 -135.00 0.74830087e-16  -92.16 0.56451658e-17  135.47
   % Range crossline_B_amp crossline_B_phs inline_e_amp inline_e_phs  vertical_e_amp vertical_e_phs 
          0.0000  0.30054806e-10    1.11 0.30003076e-06  179.66 0.53109257e-08    0.25
        166.6667  0.20833227e-11    6.74 0.12257697e-07    6.31 0.30026637e-08    2.60
        333.3333  0.45505696e-12   15.09 0.26230555e-08   14.88 0.55642455e-09    7.86
        500.0000  0.14502537e-12   25.35 0.99944195e-09   23.37 0.18742499e-09   14.48
        666.6667  0.52137239e-13   39.05 0.47222999e-09   31.77 0.80248208e-10   22.12
        833.3333  0.18835844e-13   61.62 0.25117421e-09   39.97 0.39313229e-10   30.53
       1000.0000  0.76513762e-14  108.35 0.14404898e-09   47.85 0.20978885e-10   39.57
       1166.6667  0.63398772e-14  162.21 0.87004689e-10   55.30 0.11884928e-10   49.18
       1333.3333  0.66619165e-14 -171.10 0.54543854e-10   62.19 0.70467135e-11   59.31
       1500.0000  0.64858197e-14 -156.51 0.35140920e-10   68.40 0.43367041e-11   69.93
       1666.6667  0.59435541e-14 -146.37 0.23100611e-10   73.78 0.27559647e-11   80.96
       1833.3333  0.52588429e-14 -138.30 0.15412797e-10   78.17 0.18018680e-11   92.30
       2000.0000  0.45595649e-14 -131.44 0.10400026e-10   81.32 0.12082093e-11  103.85
       2166.6667  0.39064813e-14 -125.39 0.70864292e-11   82.97 0.82835919e-12  115.49
       2333.3333  0.33236921e-14 -119.98 0.48835888e-11   82.76 0.57895639e-12  127.14
       2500.0000  0.28167675e-14 -115.10 0.34253682e-11   80.34 0.41129371e-12  138.73
       2666.6667  0.23825128e-14 -110.70 0.24760690e-11   75.53 0.29617870e-12  150.23
       2833.3333  0.20140341e-14 -106.75 0.18760284e-11   68.70 0.21567483e-12  161.61
       3000.0000  0.17032899e-14 -103.24 0.15089699e-11   60.91 0.15848610e-12  172.88
       3166.6667  0.14423199e-14 -100.16 0.12865287e-11   53.58 0.11732375e-12 -175.95
       3333.3333  0.12237891e-14  -97.51 0.11450773e-11   47.71 0.87373976e-13 -164.89
       3500.0000  0.10411837e-14  -95.26 0.10444821e-11   43.59 0.65388182e-13 -153.90
       3666.6667  0.88883617e-15  -93.43 0.96291620e-12   41.02 0.49131105e-13 -142.97
       3833.3333  0.76187313e-15  -91.97 0.89003053e-12   39.63 0.37038406e-13 -132.10
       4000.0000  0.65613233e-15  -90.89 0.82160612e-12   39.09 0.27999280e-13 -121.26
       4166.6667  0.56807406e-15  -90.13 0.75633064e-12   39.12 0.21215276e-13 -110.46
       4333.3333  0.49469724e-15  -89.67 0.69410841e-12   39.52 0.16106575e-13  -99.66
       4500.0000  0.43346522e-15  -89.46 0.63524776e-12   40.12 0.12248549e-13  -88.88
       4666.6667  0.38224183e-15  -89.45 0.58010049e-12   40.84 0.93280255e-14  -78.10
       4833.3333  0.33923695e-15  -89.60 0.52892168e-12   41.58 0.71126794e-14  -67.32
       5000.0000  0.30295977e-15  -89.85 0.48183167e-12   42.31 0.54293096e-14  -56.52
       5166.6667  0.27217782e-15  -90.17 0.43882249e-12   42.98 0.41482579e-14  -45.71
       5333.3333  0.24588050e-15  -90.52 0.39978097e-12   43.57 0.31721195e-14  -34.88
       5500.0000  0.22324589e-15  -90.86 0.36451576e-12   44.07 0.24274982e-14  -24.02
       5666.6667  0.20361073e-15  -91.18 0.33278269e-12   44.48 0.18589450e-14  -13.13
       5833.3333  0.18644328e-15  -91.46 0.30430633e-12   44.81 0.14244749e-14   -2.20
       6000.0000  0.17131925e-15  -91.70 0.27879736e-12   45.04 0.10922356e-14    8.77
       6166.6667  0.15790102e-15  -91.90 0.25596581e-12   45.21 0.83802057e-15   19.80
       6333.3333  0.14591989e-15  -92.05 0.23553080e-12   45.31 0.64340645e-15   30.88
       6500.0000  0.13516149e-15  -92.16 0.21722731e-12   45.36 0.49435342e-15   42.03
       6666.6667  0.12545383e-15  -92.24 0.20081032e-12   45.37 0.38015010e-15   53.26
       6833.3333  0.11665788e-15  -92.28 0.18605721e-12   45.35 0.29261661e-15   64.56
       7000.0000  0.10866006e-15  -92.31 0.17276840e-12   45.32 0.22550106e-15   75.96
       7166.6667  0.10136653e-15  -92.31 0.16076706e-12   45.26 0.17402182e-15   87.45
       7333.3333  0.94698773e-16  -92.30 0.14989790e-12   45.21 0.13451961e-15   99.03
       7500.0000  0.88590220e-16  -92.29 0.14002553e-12   45.15 0.10419274e-15  110.72
       7666.6667  0.82983767e-16  -92.27 0.13103254e-12   45.09 0.80895335e-16  122.51
       7833.3333  0.77829858e-16  -92.24 0.12281744e-12   45.04 0.62983442e-16  134.39
       8000.0000  0.73085062e-16  -92.22 0.11529265e-12   45.00 0.49197428e-16  146.37
       8166.6667  0.68711001e-16  -92.19 0.10838264e-12   44.96 0.38572146e-16  158.41
       8333.3333  0.64673537e-16  -92.17 0.10202215e-12   44.93 0.30368199e-16  170.51
       8500.0000  0.60942142e-16  -92.15 0.96154714e-13   44.90 0.24019318e-16 -177.36
       8666.6667  0.57489415e-16  -92.13 0.90731254e-13   44.88 0.19092049e-16 -165.24
       8833.3333  0.54290687e-16  -92.12 0.85708979e-13   44.86 0.15254845e-16 -153.16
       9000.0000  0.51323713e-16  -92.10 0.81050392e-13   44.85 0.12254323e-16 -141.16
       9166.6667  0.48568398e-16  -92.10 0.76722479e-13   44.84 0.98970262e-17 -129.28
       9333.3333  0.46006581e-16  -92.09 0.72696026e-13   44.84 0.80353802e-17 -117.57
       9500.0000  0.43621834e-16  -92.08 0.68945065e-13   44.83 0.65568795e-17 -106.05
       9666.6667  0.41399293e-16  -92.08 0.65446403e-13   44.83 0.53757599e-17  -94.76
       9833.3333  0.39325500e-16  -92.08 0.62179243e-13   44.83 0.44265955e-17  -83.74
      10000.0000  0.37388271e-16  -92.07 0.59124865e-13   44.83 0.36593868e-17  -72.99
   % Range crossline_B_amp crossline_B_phs inline_e_amp inline_e_phs  vertical_e_amp vertical_e_phs 
          0.0000  0.36319650e-12 -179.45 0.17537254e-07    0.32 0.17330800e-06    0.55
        166.6667  0.10647584e-11 -176.69 0.29472733e-08    3.00 0.19376952e-08 -179.99
        333.3333  0.18304636e-12 -171.53 0.21469287e-09 -173.70 0.22840259e-09 -178.47
        500.0000  0.58468621e-13 -164.86 0.98321334e-10 -167.00 0.54468191e-10 -176.04
        666.6667  0.24577115e-13 -157.18 0.44297485e-10 -159.36 0.19356708e-10 -172.05
        833.3333  0.11938780e-13 -148.75 0.22125511e-10 -150.95 0.84716386e-11 -166.72
       1000.0000  0.63408195e-14 -139.70 0.11927861e-10 -141.92 0.41946380e-11 -160.38
       1166.6667  0.35812739e-14 -130.08 0.68003400e-11 -132.31 0.22507545e-11 -153.24
       1333.3333  0.21187435e-14 -119.93 0.40500291e-11 -122.18 0.12777921e-11 -145.46
       1500.0000  0.13016880e-14 -109.31 0.25010985e-11 -111.56 0.75694029e-12 -137.10
       1666.6667  0.82604140e-15  -98.27 0.15939721e-11 -100.54 0.46406310e-12 -128.20
       1833.3333  0.53941578e-15  -86.92 0.10446703e-11  -89.21 0.29298836e-12 -118.79
       2000.0000  0.36132146e-15  -75.36 0.70192559e-12  -77.69 0.18987797e-12 -108.94
       2166.6667  0.24751088e-15  -63.71 0.48207651e-12  -66.08 0.12600620e-12  -98.69
       2333.3333  0.17286779e-15  -52.04 0.33740921e-12  -54.46 0.85439807e-13  -88.14
       2500.0000  0.12273685e-15  -40.43 0.23996899e-12  -42.89 0.59066076e-13  -77.37
       2666.6667  0.88345617e-16  -28.91 0.17295908e-12  -31.42 0.41538737e-13  -66.45
       2833.3333  0.64310687e-16  -17.51 0.12603409e-12  -20.07 0.29649838e-13  -55.46
       3000.0000  0.47245725e-16   -6.23 0.92663535e-13   -8.82 0.21433424e-13  -44.45
       3166.6667  0.34968099e-16    4.94 0.68624372e-13    2.32 0.15659485e-13  -33.44
       3333.3333  0.26037747e-16   16.02 0.51122012e-13   13.37 0.11542363e-13  -22.46
       3500.0000  0.19483683e-16   27.02 0.38267267e-13   24.35 0.85697587e-14  -11.52
       3666.6667  0.14638282e-16   37.95 0.28758346e-13   35.26 0.64008057e-14   -0.61
       3833.3333  0.11034584e-16   48.83 0.21683113e-13   46.12 0.48042949e-14   10.26
       4000.0000  0.83411672e-17   59.67 0.16393262e-13   56.95 0.36205819e-14   21.10
       4166.6667  0.63198891e-17   70.48 0.12422437e-13   67.76 0.27376577e-14   31.91
       4333.3333  0.47978668e-17   81.27 0.94317810e-14   78.55 0.20758225e-14   42.71
       4500.0000  0.36485170e-17   92.06 0.71730212e-14   89.33 0.15776760e-14   53.50
       4666.6667  0.27784982e-17  102.84 0.54629863e-14  100.10 0.12014516e-14   64.27
       4833.3333  0.21185741e-17  113.62 0.41657527e-14  110.89 0.91649467e-15   75.05
       5000.0000  0.16171341e-17  124.42 0.31799664e-14  121.68 0.70014353e-15   85.83
       5166.6667  0.12355457e-17  135.23 0.24297403e-14  132.49 0.53554387e-15   96.62
       5333.3333  0.94478838e-18  146.06 0.18580568e-14  143.32 0.41009719e-15  107.41
       5500.0000  0.72299598e-18  156.92 0.14219471e-14  154.18 0.31434616e-15  118.22
       5666.6667  0.55364987e-18  167.81 0.10889463e-14  165.07 0.24116601e-15  129.05
       5833.3333  0.42424293e-18  178.73 0.83447059e-15  176.00 0.18517287e-15  139.89
       6000.0000  0.32528677e-18 -170.29 0.63986795e-15 -173.02 0.14228780e-15  150.76
       6166.6667  0.24957082e-18 -159.27 0.49096284e-15 -162.00 0.10941358e-15  161.66
       6333.3333  0.19160731e-18 -148.18 0.37696592e-15 -150.91 0.84193906e-16  172.59
       6500.0000  0.14721425e-18 -137.03 0.28965463e-15 -139.75 0.64833126e-16 -176.45
       6666.6667  0.11320113e-18 -125.81 0.22275557e-15 -128.53 0.49960855e-16 -165.45
       6833.3333  0.87131534e-19 -114.50 0.17147784e-15 -117.22 0.38529926e-16 -154.41
       7000.0000  0.67143300e-19 -103.11 0.13215968e-15 -105.82 0.29739272e-16 -143.33
       7166.6667  0.51812215e-19  -91.62 0.10200042e-15  -94.33 0.22975496e-16 -132.19
       7333.3333  0.40048363e-19  -80.04 0.78856742e-16  -82.74 0.17768514e-16 -121.01
       7500.0000  0.31017267e-19  -68.35 0.61087621e-16  -71.05 0.13757807e-16 -109.77
       7666.6667  0.24079789e-19  -56.56 0.47436156e-16  -59.27 0.10666716e-16  -98.48
       7833.3333  0.18746278e-19  -44.68 0.36939424e-16  -47.38 0.82828182e-17  -87.14
       8000.0000  0.14641560e-19  -32.70 0.28859620e-16  -35.41 0.64429418e-17  -75.75
       8166.6667  0.11478170e-19  -20.66 0.22631430e-16  -23.37 0.50216997e-17  -64.31
       8333.3333  0.90358780e-20   -8.55 0.17821771e-16  -11.27 0.39227113e-17  -52.82
       8500.0000  0.71460231e-20    3.58 0.14098968e-16    0.85 0.30718746e-17  -41.31
       8666.6667  0.56795014e-20   15.71 0.11209144e-16   12.96 0.24122077e-17  -29.78
       8833.3333  0.45375608e-20   27.79 0.89581083e-17   25.03 0.18998879e-17  -18.24
       9000.0000  0.36447321e-20   39.80 0.71974528e-17   37.01 0.15012113e-17   -6.71
       9166.6667  0.29433952e-20   51.69 0.58138660e-17   48.88 0.11902550e-17    4.78
       9333.3333  0.23895975e-20   63.41 0.47209060e-17   60.58 0.94708104e-18   16.22
       9500.0000  0.19498331e-20   74.94 0.38526661e-17   72.07 0.75635327e-18   27.57
       9666.6667  0.15985622e-20   86.23 0.31588977e-17   83.34 0.60627398e-18   38.81
       9833.3333  0.13163037e-20   97.27 0.26012599e-17   94.35 0.48776478e-18   49.93
      10000.0000  0.10881723e-20  108.03 0.21504443e-17  105.08 0.39383608e-18   60.88
