   % Range crossline_e_amp crossline_e_phs inline_B_amp inline_B_phs  vertical_B_amp vertical_B_phs 
          0.0000  0.30038330e-06  179.66 0.30048372e-10 -178.89 0.79918207e-12    0.70
        250.0000  0.42228278e-08  179.05 0.10665347e-12 -121.26 0.14739912e-11    9.95
        500.0000  0.89051734e-09 -177.15 0.71671047e-13 -143.63 0.35831665e-12   24.72
        750.0000  0.34676630e-09 -170.38 0.50008785e-13 -145.42 0.14395956e-12   40.28
       1000.0000  0.17172597e-09 -162.07 0.34718743e-13 -141.85 0.70842542e-13   55.74
       1250.0000  0.95947339e-10 -153.32 0.24568681e-13 -136.50 0.38766156e-13   70.76
       1500.0000  0.57429463e-10 -144.85 0.17727321e-13 -130.47 0.22596209e-13   85.17
       1750.0000  0.35879099e-10 -137.10 0.12996009e-13 -124.29 0.13709833e-13   98.86
       2000.0000  0.23070917e-10 -130.41 0.96480767e-14 -118.28 0.85381893e-14  111.78
       2250.0000  0.15158237e-10 -125.05 0.72361154e-14 -112.65 0.54073675e-14  123.85
       2500.0000  0.10150424e-10 -121.25 0.54751668e-14 -107.55 0.34592329e-14  134.98
       2750.0000  0.69375651e-11 -119.22 0.41771969e-14 -103.09 0.22239404e-14  145.06
       3000.0000  0.48641102e-11 -119.02 0.32140789e-14  -99.34 0.14310785e-14  153.92
       3250.0000  0.35239624e-11 -120.47 0.24960768e-14  -96.33 0.91893596e-15  161.29
       3500.0000  0.26552273e-11 -123.12 0.19589062e-14  -94.06 0.58791833e-15  166.80
       3750.0000  0.20846440e-11 -126.27 0.15556863e-14  -92.50 0.37530830e-15  169.90
       4000.0000  0.16980049e-11 -129.28 0.12517806e-14  -91.55 0.24094016e-15  169.90
       4250.0000  0.14227667e-11 -131.71 0.10214006e-14  -91.09 0.15863889e-15  166.18
       4500.0000  0.12153281e-11 -133.43 0.84530792e-15  -91.00 0.11069054e-15  158.95
       4750.0000  0.10507743e-11 -134.50 0.70920477e-15  -91.14 0.84180740e-16  150.10
       5000.0000  0.91525775e-12 -135.06 0.60255444e-15  -91.40 0.69436323e-16  142.28
       5250.0000  0.80102645e-12 -135.29 0.51767546e-15  -91.68 0.60140972e-16  136.94
       5500.0000  0.70351576e-12 -135.30 0.44902541e-15  -91.94 0.53062523e-16  134.00
       5750.0000  0.61977940e-12 -135.20 0.39263280e-15  -92.14 0.46912393e-16  132.77
       6000.0000  0.54769287e-12 -135.07 0.34565551e-15  -92.28 0.41302318e-16  132.59
       6250.0000  0.48557015e-12 -134.94 0.30604812e-15  -92.36 0.36171602e-16  132.98
       6500.0000  0.43198923e-12 -134.84 0.27231998e-15  -92.40 0.31543037e-16  133.61
       6750.0000  0.38571704e-12 -134.77 0.24336445e-15  -92.40 0.27436531e-16  134.28
       7000.0000  0.34567784e-12 -134.73 0.21834163e-15  -92.39 0.23847118e-16  134.89
       7250.0000  0.31093813e-12 -134.73 0.19659901e-15  -92.36 0.20746141e-16  135.36
       7500.0000  0.28069560e-12 -134.74 0.17761853e-15  -92.33 0.18088983e-16  135.70
       7750.0000  0.25426788e-12 -134.76 0.16098100e-15  -92.30 0.15823129e-16  135.90
       8000.0000  0.23107979e-12 -134.80 0.14634222e-15  -92.27 0.13894513e-16  135.98
       8250.0000  0.21064972e-12 -134.83 0.13341635e-15  -92.24 0.12251817e-16  135.99
       8500.0000  0.19257603e-12 -134.86 0.12196410e-15  -92.22 0.10848919e-16  135.94
       8750.0000  0.17652414e-12 -134.89 0.11178409e-15  -92.21 0.96459566e-17  135.86
       9000.0000  0.16221510e-12 -134.92 0.10270608e-15  -92.19 0.86094072e-17  135.77
       9250.0000  0.14941559e-12 -134.95 0.94585766e-16  -92.18 0.77116085e-17  135.68
       9500.0000  0.13792959e-12 -134.97 0.87300457e-16  -92.18 0.69299860e-17  135.60
       9750.0000  0.12759159e-12 -134.98 0.80745569e-16  -92.17 0.62462064e-17  135.53
      10000.0000  0.11826100e-12 -135.00 0.74831709e-16  -92.16 0.56453739e-17  135.47
      10250.0000  0.10981779e-12 -135.02 0.69482239e-16  -92.15 0.51153305e-17  135.42
      10500.0000  0.10215888e-12 -135.03 0.64631249e-16  -92.15 0.46460810e-17  135.38
      10750.0000  0.95195363e-13 -135.04 0.60221872e-16  -92.14 0.42293365e-17  135.35
      11000.0000  0.88850195e-13 -135.05 0.56204876e-16  -92.14 0.38581615e-17  135.32
      11250.0000  0.83056354e-13 -135.06 0.52537497e-16  -92.13 0.35267030e-17  135.30
      11500.0000  0.77755338e-13 -135.07 0.49182463e-16  -92.13 0.32299854e-17  135.27
      11750.0000  0.72895918e-13 -135.08 0.46107187e-16  -92.12 0.29637514e-17  135.25
      12000.0000  0.68433101e-13 -135.09 0.43283090e-16  -92.12 0.27243404e-17  135.23
      12250.0000  0.64327272e-13 -135.10 0.40685033e-16  -92.12 0.25085912e-17  135.21
      12500.0000  0.60543454e-13 -135.11 0.38290838e-16  -92.11 0.23137651e-17  135.19
      12750.0000  0.57050696e-13 -135.12 0.36080895e-16  -92.11 0.21374823e-17  135.18
      13000.0000  0.53821545e-13 -135.13 0.34037812e-16  -92.10 0.19776702e-17  135.16
      13250.0000  0.50831592e-13 -135.13 0.32146132e-16  -92.10 0.18325191e-17  135.14
      13500.0000  0.48059090e-13 -135.14 0.30392086e-16  -92.10 0.17004458e-17  135.12
      13750.0000  0.45484623e-13 -135.15 0.28763380e-16  -92.09 0.15800620e-17  135.11
      14000.0000  0.43090817e-13 -135.15 0.27249015e-16  -92.09 0.14701480e-17  135.09
      14250.0000  0.40862095e-13 -135.16 0.25839130e-16  -92.09 0.13696297e-17  135.08
      14500.0000  0.38784468e-13 -135.16 0.24524866e-16  -92.09 0.12775592e-17  135.07
      14750.0000  0.36845342e-13 -135.17 0.23298252e-16  -92.08 0.11930985e-17  135.05
      15000.0000  0.35033365e-13 -135.17 0.22152101e-16  -92.08 0.11155048e-17  135.04
   % Range crossline_B_amp crossline_B_phs inline_e_amp inline_e_phs  vertical_e_amp vertical_e_phs 
          0.0000  0.30054806e-10    1.11 0.30003076e-06  179.66 0.53109257e-08    0.25
        250.0000  0.90107070e-12   10.71 0.49983958e-08   10.61 0.11336609e-08    5.04
        500.0000  0.14502636e-12   25.35 0.99944394e-09   23.37 0.18742509e-09   14.48
        750.0000  0.31439596e-13   48.56 0.34048278e-09   35.91 0.55442767e-10   26.24
       1000.0000  0.76523654e-14  108.35 0.14405084e-09   47.85 0.20979070e-10   39.57
       1250.0000  0.65421589e-14  177.99 0.68617781e-10   58.82 0.91053482e-11   54.18
       1500.0000  0.64854740e-14 -156.52 0.35142237e-10   68.40 0.43368997e-11   69.93
       1750.0000  0.56086380e-14 -142.15 0.18840193e-10   76.11 0.22211528e-11   86.60
       2000.0000  0.45592641e-14 -131.45 0.10400802e-10   81.33 0.12083532e-11  103.84
       2250.0000  0.36054308e-14 -122.62 0.58734932e-11   83.12 0.69109662e-12  121.31
       2500.0000  0.28166033e-14 -115.10 0.34257361e-11   80.34 0.41137360e-12  138.72
       2750.0000  0.21904386e-14 -108.67 0.21406267e-11   72.33 0.25247909e-12  155.92
       3000.0000  0.17032270e-14 -103.25 0.15090664e-11   60.92 0.15852226e-12  172.86
       3250.0000  0.13281463e-14  -98.79 0.12087290e-11   50.43 0.10120221e-12 -170.43
       3500.0000  0.10411750e-14  -95.27 0.10444922e-11   43.59 0.65402332e-13 -153.93
       3750.0000  0.82246189e-15  -92.66 0.92575652e-12   40.20 0.42650830e-13 -137.57
       4000.0000  0.65614361e-15  -90.89 0.82161861e-12   39.09 0.28004308e-13 -121.30
       4250.0000  0.52973263e-15  -89.87 0.72483990e-12   39.28 0.18484051e-13 -105.09
       4500.0000  0.43347827e-15  -89.46 0.63526865e-12   40.12 0.12250301e-13  -88.92
       4750.0000  0.35982295e-15  -89.51 0.55402641e-12   41.21 0.81452885e-14  -72.75
       5000.0000  0.30296870e-15  -89.86 0.48185317e-12   42.30 0.54300229e-14  -56.56
       5250.0000  0.25853086e-15  -90.34 0.41883579e-12   43.28 0.36276630e-14  -40.33
       5500.0000  0.22325112e-15  -90.86 0.36453266e-12   44.07 0.24279142e-14  -24.05
       5750.0000  0.19475144e-15  -91.33 0.31816933e-12   44.65 0.16275061e-14   -7.69
       6000.0000  0.17132271e-15  -91.70 0.27880853e-12   45.04 0.10925642e-14    8.76
       6250.0000  0.15174843e-15  -91.98 0.24547444e-12   45.27 0.73453598e-15   25.33
       6500.0000  0.13516442e-15  -92.16 0.21723402e-12   45.36 0.49464062e-15   42.05
       6750.0000  0.12095236e-15  -92.27 0.19324401e-12   45.36 0.33374837e-15   58.93
       7000.0000  0.10866285e-15  -92.31 0.17277256e-12   45.31 0.22575084e-15   76.00
       7250.0000  0.97961548e-16  -92.31 0.15520333e-12   45.23 0.15319609e-15   93.29
       7500.0000  0.88592813e-16  -92.29 0.14002859e-12   45.15 0.10440208e-15  110.80
       7750.0000  0.80355531e-16  -92.25 0.12683637e-12   45.07 0.71541072e-16  128.53
       8000.0000  0.73087326e-16  -92.22 0.11529539e-12   45.00 0.49364607e-16  146.47
       8250.0000  0.66654249e-16  -92.18 0.10514011e-12   44.94 0.34352766e-16  164.56
       8500.0000  0.60944009e-16  -92.15 0.96157381e-13   44.90 0.24145488e-16 -177.26
       8750.0000  0.55861414e-16  -92.12 0.88175065e-13   44.87 0.17161707e-16 -159.11
       9000.0000  0.51325197e-16  -92.10 0.81052989e-13   44.85 0.12343782e-16 -141.10
       9250.0000  0.47265682e-16  -92.09 0.74675796e-13   44.84 0.89855876e-17 -123.38
       9500.0000  0.43622998e-16  -92.08 0.68947515e-13   44.83 0.66165747e-17 -106.08
       9750.0000  0.40345626e-16  -92.08 0.63787449e-13   44.83 0.49234471e-17  -89.30
      10000.0000  0.37389190e-16  -92.07 0.59127101e-13   44.82 0.36973166e-17  -73.13
      10250.0000  0.34715434e-16  -92.07 0.54907847e-13   44.82 0.27982338e-17  -57.62
      10500.0000  0.32291331e-16  -92.07 0.51079179e-13   44.82 0.21316008e-17  -42.80
      10750.0000  0.30088320e-16  -92.07 0.47597341e-13   44.82 0.16326522e-17  -28.66
      11000.0000  0.28081656e-16  -92.07 0.44424269e-13   44.81 0.12563464e-17  -15.20
      11250.0000  0.26249845e-16  -92.07 0.41526727e-13   44.81 0.97081757e-18   -2.38
      11500.0000  0.24574166e-16  -92.07 0.38875618e-13   44.81 0.75313706e-18    9.82
      11750.0000  0.23038269e-16  -92.07 0.36445403e-13   44.80 0.58655048e-18   21.44
      12000.0000  0.21627830e-16  -92.07 0.34213612e-13   44.80 0.45865475e-18   32.53
      12250.0000  0.20330263e-16  -92.06 0.32160438e-13   44.79 0.36017320e-18   43.13
      12500.0000  0.19134476e-16  -92.06 0.30268379e-13   44.79 0.28411488e-18   53.30
      12750.0000  0.18030670e-16  -92.06 0.28521941e-13   44.79 0.22518428e-18   63.09
      13000.0000  0.17010158e-16  -92.06 0.26907379e-13   44.78 0.17935772e-18   72.57
      13250.0000  0.16065225e-16  -92.06 0.25412471e-13   44.78 0.14357323e-18   81.79
      13500.0000  0.15189000e-16  -92.06 0.24026328e-13   44.77 0.11549952e-18   90.80
      13750.0000  0.14375347e-16  -92.06 0.22739230e-13   44.77 0.93361879e-19   99.66
      14000.0000  0.13618781e-16  -92.05 0.21542481e-13   44.77 0.75809456e-19  108.41
      14250.0000  0.12914380e-16  -92.05 0.20428285e-13   44.76 0.61813837e-19  117.11
      14500.0000  0.12257726e-16  -92.05 0.19389640e-13   44.76 0.50591269e-19  125.77
      14750.0000  0.11644841e-16  -92.05 0.18420246e-13   44.76 0.41543179e-19  134.42
      15000.0000  0.11072139e-16  -92.05 0.17514422e-13   44.76 0.34210880e-19  143.10
   % Range crossline_B_amp crossline_B_phs inline_e_amp inline_e_phs  vertical_e_amp vertical_e_phs 
          0.0000  0.36319650e-12 -179.45 0.17537254e-07    0.32 0.17330800e-06    0.55
        250.0000  0.39438326e-12 -174.34 0.68744881e-10  178.59 0.60397526e-09 -179.21
        500.0000  0.58468651e-13 -164.86 0.98321395e-10 -167.00 0.54468169e-10 -176.04
        750.0000  0.16896840e-13 -153.05 0.30957487e-10 -155.24 0.12560776e-10 -169.53
       1000.0000  0.63408741e-14 -139.70 0.11927971e-10 -141.92 0.41946248e-11 -160.38
       1250.0000  0.27404985e-14 -125.07 0.52224153e-11 -127.31 0.16857037e-11 -149.43
       1500.0000  0.13017461e-14 -109.31 0.25012139e-11 -111.56 0.75693644e-12 -137.10
       1750.0000  0.66532264e-15  -92.63 0.12862679e-11  -94.91 0.36746704e-12 -123.56
       2000.0000  0.36136430e-15  -75.37 0.70200989e-12  -77.69 0.18987986e-12 -108.94
       2250.0000  0.20642029e-15  -57.88 0.40249391e-12  -60.27 0.10349704e-12  -93.45
       2500.0000  0.12276071e-15  -40.44 0.24001557e-12  -42.90 0.59069284e-13  -77.37
       2750.0000  0.75297086e-16  -23.21 0.14749385e-12  -25.75 0.35037070e-13  -60.97
       3000.0000  0.47256545e-16   -6.25 0.92684540e-13   -8.84 0.21435774e-13  -44.46
       3250.0000  0.30160739e-16   10.47 0.59204241e-13    7.83 0.13432578e-13  -27.96
       3500.0000  0.19487922e-16   26.99 0.38275471e-13   24.32 0.85710321e-14  -11.54
       3750.0000  0.12707079e-16   43.36 0.24967028e-13   40.66 0.55432001e-14    4.80
       4000.0000  0.83426729e-17   59.63 0.16396177e-13   56.92 0.36211819e-14   21.07
       4250.0000  0.55061748e-17   75.84 0.10823599e-13   73.12 0.23835285e-14   37.28
       4500.0000  0.36490403e-17   92.02 0.71740422e-14   89.29 0.15779521e-14   53.46
       4750.0000  0.24261727e-17  108.19 0.47704258e-14  105.46 0.10493313e-14   69.62
       5000.0000  0.16173457e-17  124.38 0.31803874e-14  121.65 0.70028189e-15   85.79
       5250.0000  0.10804768e-17  140.61 0.21248570e-14  137.87 0.46868393e-15  101.97
       5500.0000  0.72311855e-18  156.89 0.14221956e-14  154.15 0.31442669e-15  118.18
       5750.0000  0.48471425e-18  173.25 0.95339460e-15  170.51 0.21136709e-15  134.43
       6000.0000  0.32538346e-18 -170.30 0.64006477e-15 -173.03 0.14234122e-15  150.73
       6250.0000  0.21874802e-18 -153.73 0.43035002e-15 -156.46 0.96015368e-16  167.09
       6500.0000  0.14729889e-18 -137.02 0.28982618e-15 -139.74 0.64871183e-16 -176.47
       6750.0000  0.99380759e-19 -120.14 0.19557612e-15 -122.85 0.43902777e-16 -159.95
       7000.0000  0.67217068e-19 -103.07 0.13230834e-15 -105.78 0.29767059e-16 -143.33
       7250.0000  0.45609711e-19  -85.78 0.89801045e-16  -88.49 0.20225937e-16 -126.61
       7500.0000  0.31079203e-19  -68.27 0.61211811e-16  -70.98 0.13778095e-16 -109.77
       7750.0000  0.21294079e-19  -50.54 0.41955703e-16  -53.24 0.94148324e-17  -92.80
       8000.0000  0.14691101e-19  -32.60 0.28958521e-16  -35.31 0.64575616e-17  -75.73
       8250.0000  0.10221874e-19  -14.50 0.20158544e-16  -17.22 0.44493232e-17  -58.54
       8500.0000  0.71834615e-20    3.68 0.14173427e-16    0.95 0.30821753e-17  -41.28
       8750.0000  0.51049448e-20   21.84 0.10077116e-16   19.08 0.21484934e-17  -23.98
       9000.0000  0.36713068e-20   39.86 0.72501381e-17   37.07 0.15082483e-17   -6.70
       9250.0000  0.26722331e-20   57.59 0.52789004e-17   54.76 0.10669854e-17   10.51
       9500.0000  0.19675813e-20   74.91 0.38877668e-17   72.04 0.76098627e-18   27.54
       9750.0000  0.14640538e-20   91.70 0.28931821e-17   88.79 0.54725765e-18   44.33
      10000.0000  0.10994559e-20  107.89 0.21727227e-17  104.93 0.39677171e-18   60.79
      10250.0000  0.83212944e-21  123.41 0.16443313e-17  120.41 0.28990071e-18   76.82
      10500.0000  0.63392401e-21  138.25 0.12525109e-17  135.21 0.21333628e-18   92.38
      10750.0000  0.48557312e-21  152.40 0.95924294e-18  149.32 0.15801458e-18  107.39
      11000.0000  0.37368173e-21  165.88 0.73807155e-18  162.76 0.11772327e-18  121.81
      11250.0000  0.28877575e-21  178.70 0.57027033e-18  175.55 0.88169375e-19  135.63
      11500.0000  0.22403943e-21 -169.09 0.44235942e-18 -172.27 0.66357459e-19  148.82
      11750.0000  0.17449301e-21 -157.46 0.34448634e-18 -160.67 0.50175145e-19  161.38
      12000.0000  0.13645019e-21 -146.36 0.26935649e-18 -149.60 0.38116601e-19  173.31
      12250.0000  0.10715384e-21 -135.75 0.21151394e-18 -139.02 0.29097147e-19 -175.35
      12500.0000  0.84525998e-22 -125.57 0.16684740e-18 -128.86 0.22328107e-19 -164.60
      12750.0000  0.66992510e-22 -115.76 0.13224315e-18 -119.09 0.17231424e-19 -154.39
      13000.0000  0.53357120e-22 -106.28 0.10533582e-18 -109.62 0.13380707e-19 -144.67
      13250.0000  0.42709353e-22  -97.06 0.84325784e-19 -100.42 0.10459963e-19 -135.37
      13500.0000  0.34355898e-22  -88.04 0.67843309e-19  -91.42 0.82343464e-20 -126.44
      13750.0000  0.27768870e-22  -79.18 0.54845913e-19  -82.56 0.65290694e-20 -117.80
      14000.0000  0.22546406e-22  -70.41 0.44540333e-19  -73.81 0.52140632e-20 -109.36
      14250.0000  0.18382507e-22  -61.72 0.36322792e-19  -65.13 0.41926078e-20 -101.06
      14500.0000  0.15043944e-22  -53.05 0.29733236e-19  -56.47 0.33928787e-20  -92.84
      14750.0000  0.12352573e-22  -44.38 0.24420356e-19  -47.81 0.27615697e-20  -84.63
      15000.0000  0.10171867e-22  -35.71 0.20114950e-19  -39.14 0.22591157e-20  -76.39
