          0.0000  0.30038330e-06  179.66 0.30048371e-10 -178.89 0.79918207e-12    0.70
        250.0000  0.42228291e-08  179.05 0.10665200e-12 -121.26 0.14739913e-11    9.95
        500.0000  0.89051875e-09 -177.15 0.71669864e-13 -143.63 0.35831674e-12   24.72
        750.0000  0.34676778e-09 -170.38 0.50007745e-13 -145.42 0.14395971e-12   40.28
       1000.0000  0.17172749e-09 -162.07 0.34717800e-13 -141.85 0.70842766e-13   55.74
       1250.0000  0.95948841e-10 -153.32 0.24567839e-13 -136.50 0.38766430e-13   70.76
       1500.0000  0.57430888e-10 -144.85 0.17726589e-13 -130.47 0.22596513e-13   85.17
       1750.0000  0.35880396e-10 -137.10 0.12995394e-13 -124.29 0.13710147e-13   98.86
       2000.0000  0.23072049e-10 -130.41 0.96475802e-14 -118.28 0.85384971e-14  111.78
       2250.0000  0.15159181e-10 -125.04 0.72357313e-14 -112.65 0.54076582e-14  123.85
       2500.0000  0.10151167e-10 -121.25 0.54748848e-14 -107.55 0.34594997e-14  134.98
       2750.0000  0.69381040e-11 -119.22 0.41770033e-14 -103.09 0.22241796e-14  145.06
       3000.0000  0.48644493e-11 -119.01 0.32139582e-14  -99.34 0.14312884e-14  153.92
       3250.0000  0.35241199e-11 -120.46 0.24960130e-14  -96.33 0.91911571e-15  161.29
       3500.0000  0.26552356e-11 -123.10 0.19588838e-14  -94.07 0.58806754e-15  166.80
       3750.0000  0.20845464e-11 -126.26 0.15556910e-14  -92.50 0.37542627e-15  169.91
       4000.0000  0.16978467e-11 -129.27 0.12518003e-14  -91.55 0.24102570e-15  169.92
       4250.0000  0.14225860e-11 -131.70 0.10214259e-14  -91.09 0.15869088e-15  166.20
       4500.0000  0.12151512e-11 -133.42 0.84533218e-15  -91.00 0.11071035e-15  158.99
       4750.0000  0.10506163e-11 -134.49 0.70922414e-15  -91.14 0.84175234e-16  150.14
       5000.0000  0.91512537e-12 -135.06 0.60256728e-15  -91.40 0.69416434e-16  142.32
       5250.0000  0.80092075e-12 -135.28 0.51768177e-15  -91.68 0.60116356e-16  136.97
       5500.0000  0.70343461e-12 -135.29 0.44902614e-15  -91.94 0.53038940e-16  134.02
       5750.0000  0.61971910e-12 -135.20 0.39262937e-15  -92.14 0.46892409e-16  132.78
       6000.0000  0.54764921e-12 -135.07 0.34564935e-15  -92.28 0.41286651e-16  132.59
       6250.0000  0.48553907e-12 -134.94 0.30604050e-15  -92.36 0.36160049e-16  132.98
       6500.0000  0.43196719e-12 -134.84 0.27231187e-15  -92.40 0.31534995e-16  133.61
       6750.0000  0.38570115e-12 -134.77 0.24335653e-15  -92.40 0.27431271e-16  134.28
       7000.0000  0.34566593e-12 -134.73 0.21833430e-15  -92.39 0.23843925e-16  134.88
       7250.0000  0.31092863e-12 -134.72 0.19659248e-15  -92.36 0.20744387e-16  135.36
       7500.0000  0.28068748e-12 -134.74 0.17761284e-15  -92.33 0.18088160e-16  135.69
       7750.0000  0.25426051e-12 -134.76 0.16097612e-15  -92.30 0.15822849e-16  135.89
       8000.0000  0.23107282e-12 -134.79 0.14633805e-15  -92.27 0.13894505e-16  135.98
       8250.0000  0.21064300e-12 -134.83 0.13341278e-15  -92.24 0.12251904e-16  135.99
       8500.0000  0.19256950e-12 -134.86 0.12196102e-15  -92.22 0.10849000e-16  135.94
       8750.0000  0.17651784e-12 -134.89 0.11178140e-15  -92.21 0.96459817e-17  135.86
       9000.0000  0.16220905e-12 -134.92 0.10270371e-15  -92.20 0.86093625e-17  135.77
       9250.0000  0.14940983e-12 -134.94 0.94583644e-16  -92.18 0.77114993e-17  135.68
       9500.0000  0.13792416e-12 -134.96 0.87298534e-16  -92.18 0.69298270e-17  135.60
       9750.0000  0.12758649e-12 -134.98 0.80743810e-16  -92.17 0.62460150e-17  135.53
      10000.0000  0.11825625e-12 -135.00 0.74830087e-16  -92.16 0.56451658e-17  135.47
      10250.0000  0.10981337e-12 -135.01 0.69480735e-16  -92.16 0.51151184e-17  135.43
      10500.0000  0.10215478e-12 -135.03 0.64629849e-16  -92.15 0.46458740e-17  135.39
      10750.0000  0.95191558e-13 -135.04 0.60220565e-16  -92.14 0.42291404e-17  135.35
      11000.0000  0.88846664e-13 -135.05 0.56203654e-16  -92.14 0.38579794e-17  135.33
      11250.0000  0.83053075e-13 -135.06 0.52536352e-16  -92.13 0.35265362e-17  135.30
      11500.0000  0.77752289e-13 -135.07 0.49181389e-16  -92.13 0.32298338e-17  135.28
      11750.0000  0.72893076e-13 -135.08 0.46106179e-16  -92.12 0.29636142e-17  135.26
      12000.0000  0.68430450e-13 -135.09 0.43282143e-16  -92.12 0.27242162e-17  135.24
      12250.0000  0.64324792e-13 -135.10 0.40684141e-16  -92.12 0.25084788e-17  135.22
      12500.0000  0.60541131e-13 -135.11 0.38289999e-16  -92.11 0.23136631e-17  135.20
      12750.0000  0.57048517e-13 -135.12 0.36080104e-16  -92.11 0.21373895e-17  135.18
      13000.0000  0.53819496e-13 -135.12 0.34037065e-16  -92.10 0.19775855e-17  135.16
      13250.0000  0.50829663e-13 -135.13 0.32145427e-16  -92.10 0.18324415e-17  135.14
      13500.0000  0.48057273e-13 -135.14 0.30391419e-16  -92.10 0.17003746e-17  135.13
      13750.0000  0.45482907e-13 -135.14 0.28762749e-16  -92.09 0.15799965e-17  135.11
      14000.0000  0.43089195e-13 -135.15 0.27248417e-16  -92.09 0.14700876e-17  135.10
      14250.0000  0.40860561e-13 -135.16 0.25838562e-16  -92.09 0.13695738e-17  135.08
      14500.0000  0.38783015e-13 -135.16 0.24524327e-16  -92.09 0.12775075e-17  135.07
      14750.0000  0.36843964e-13 -135.17 0.23297741e-16  -92.08 0.11930505e-17  135.06
      15000.0000  0.35032057e-13 -135.17 0.22151615e-16  -92.08 0.11154602e-17  135.04
