          0.0000  0.30038330e-06  179.66 0.30048371e-10 -178.89 0.79918207e-12    0.70
        250.0000  0.42228290e-08  179.05 0.10665904e-12 -121.26 0.14739912e-11    9.95
        500.0000  0.89051792e-09 -177.16 0.71674207e-13 -143.63 0.35831668e-12   24.72
        750.0000  0.34676588e-09 -170.38 0.50011316e-13 -145.41 0.14395960e-12   40.28
       1000.0000  0.17172460e-09 -162.07 0.34721071e-13 -141.84 0.70842614e-13   55.74
       1250.0000  0.95945334e-10 -153.33 0.24570844e-13 -136.49 0.38766245e-13   70.76
       1500.0000  0.57427233e-10 -144.86 0.17729266e-13 -130.45 0.22596308e-13   85.17
       1750.0000  0.35877002e-10 -137.11 0.12997678e-13 -124.27 0.13709937e-13   98.86
       2000.0000  0.23069204e-10 -130.43 0.96494312e-14 -118.26 0.85382920e-14  111.78
       2250.0000  0.15157051e-10 -125.07 0.72371463e-14 -112.63 0.54074650e-14  123.85
       2500.0000  0.10149809e-10 -121.28 0.54758904e-14 -107.53 0.34593226e-14  134.98
       2750.0000  0.69374885e-11 -119.25 0.41776482e-14 -103.07 0.22240209e-14  145.06
       3000.0000  0.48644779e-11 -119.05 0.32143040e-14  -99.31 0.14311491e-14  153.92
       3250.0000  0.35246375e-11 -120.50 0.24961269e-14  -96.31 0.91899618e-15  161.29
       3500.0000  0.26560538e-11 -123.14 0.19588319e-14  -94.04 0.58796799e-15  166.80
       3750.0000  0.20854794e-11 -126.29 0.15555339e-14  -92.48 0.37534714e-15  169.91
       4000.0000  0.16987482e-11 -129.29 0.12515893e-14  -91.53 0.24096779e-15  169.91
       4250.0000  0.14233678e-11 -131.72 0.10212009e-14  -91.08 0.15865500e-15  166.19
       4500.0000  0.12157778e-11 -133.43 0.84512102e-15  -90.99 0.11069574e-15  158.97
       4750.0000  0.10510877e-11 -134.49 0.70904325e-15  -91.13 0.84177547e-16  150.12
       5000.0000  0.91546046e-12 -135.06 0.60242365e-15  -91.39 0.69428557e-16  142.30
       5250.0000  0.80114560e-12 -135.28 0.51757552e-15  -91.68 0.60131910e-16  136.95
       5500.0000  0.70357580e-12 -135.29 0.44895314e-15  -91.94 0.53054061e-16  134.01
       5750.0000  0.61980033e-12 -135.19 0.39258344e-15  -92.14 0.46905333e-16  132.77
       6000.0000  0.54768994e-12 -135.06 0.34562389e-15  -92.28 0.41296849e-16  132.59
       6250.0000  0.48555435e-12 -134.93 0.30602944e-15  -92.37 0.36167610e-16  132.98
       6500.0000  0.43196796e-12 -134.83 0.27231018e-15  -92.40 0.31540286e-16  133.61
       6750.0000  0.38569494e-12 -134.76 0.24336035e-15  -92.41 0.27434752e-16  134.28
       7000.0000  0.34565751e-12 -134.73 0.21834088e-15  -92.39 0.23846054e-16  134.89
       7250.0000  0.31092077e-12 -134.72 0.19660000e-15  -92.36 0.20745568e-16  135.36
       7500.0000  0.28068152e-12 -134.74 0.17762019e-15  -92.33 0.18088724e-16  135.70
       7750.0000  0.25425688e-12 -134.76 0.16098272e-15  -92.30 0.15823049e-16  135.89
       8000.0000  0.23107142e-12 -134.80 0.14634366e-15  -92.27 0.13894521e-16  135.98
       8250.0000  0.21064345e-12 -134.83 0.13341738e-15  -92.24 0.12251851e-16  135.99
       8500.0000  0.19257134e-12 -134.86 0.12196471e-15  -92.22 0.10848947e-16  135.94
       8750.0000  0.17652060e-12 -134.89 0.11178433e-15  -92.21 0.96459621e-17  135.86
       9000.0000  0.16221237e-12 -134.92 0.10270603e-15  -92.19 0.86093868e-17  135.77
       9250.0000  0.14941340e-12 -134.94 0.94585504e-16  -92.18 0.77115648e-17  135.68
       9500.0000  0.13792776e-12 -134.97 0.87300053e-16  -92.18 0.69299247e-17  135.60
       9750.0000  0.12758999e-12 -134.98 0.80745083e-16  -92.17 0.62461340e-17  135.53
      10000.0000  0.11825956e-12 -135.00 0.74831184e-16  -92.16 0.56452961e-17  135.47
      10250.0000  0.10981645e-12 -135.01 0.69481705e-16  -92.15 0.51152517e-17  135.42
      10500.0000  0.10215762e-12 -135.03 0.64630728e-16  -92.15 0.46460045e-17  135.38
      10750.0000  0.95194167e-13 -135.04 0.60221375e-16  -92.14 0.42292642e-17  135.35
      11000.0000  0.88849053e-13 -135.05 0.56204410e-16  -92.14 0.38580944e-17  135.32
      11250.0000  0.83055264e-13 -135.06 0.52537063e-16  -92.13 0.35266417e-17  135.30
      11500.0000  0.77754299e-13 -135.07 0.49182061e-16  -92.13 0.32299297e-17  135.28
      11750.0000  0.72894929e-13 -135.08 0.46106816e-16  -92.12 0.29637010e-17  135.25
      12000.0000  0.68432163e-13 -135.09 0.43282747e-16  -92.12 0.27242947e-17  135.23
      12250.0000  0.64326382e-13 -135.10 0.40684714e-16  -92.12 0.25085498e-17  135.21
      12500.0000  0.60542611e-13 -135.11 0.38290542e-16  -92.11 0.23137275e-17  135.20
      12750.0000  0.57049899e-13 -135.12 0.36080619e-16  -92.11 0.21374481e-17  135.18
      13000.0000  0.53820790e-13 -135.13 0.34037554e-16  -92.10 0.19776389e-17  135.16
      13250.0000  0.50830878e-13 -135.13 0.32145890e-16  -92.10 0.18324905e-17  135.14
      13500.0000  0.48058415e-13 -135.14 0.30391859e-16  -92.10 0.17004195e-17  135.13
      13750.0000  0.45483984e-13 -135.15 0.28763167e-16  -92.09 0.15800378e-17  135.11
      14000.0000  0.43090212e-13 -135.15 0.27248814e-16  -92.09 0.14701257e-17  135.09
      14250.0000  0.40861522e-13 -135.16 0.25838939e-16  -92.09 0.13696090e-17  135.08
      14500.0000  0.38783925e-13 -135.16 0.24524686e-16  -92.09 0.12775401e-17  135.07
      14750.0000  0.36844827e-13 -135.17 0.23298081e-16  -92.08 0.11930807e-17  135.05
      15000.0000  0.35032876e-13 -135.17 0.22151939e-16  -92.08 0.11154883e-17  135.04
