          0.0000  0.30038330e-06  179.66 0.30048371e-10 -178.89 0.79918207e-12    0.70
        166.6667  0.10314154e-07  178.72 0.21234848e-12 -137.63 0.31326055e-11    5.66
        333.3333  0.22272375e-08  179.90 0.88436448e-13 -131.82 0.83446171e-12   14.67
        500.0000  0.89051788e-09 -177.15 0.71672427e-13 -143.63 0.35831668e-12   24.72
        666.6667  0.45790499e-09 -172.88 0.56574378e-13 -145.77 0.18927226e-12   35.08
        833.3333  0.26930995e-09 -167.72 0.44212344e-13 -144.54 0.11185612e-12   45.47
       1000.0000  0.17172557e-09 -162.07 0.34719734e-13 -141.84 0.70842619e-13   55.74
       1166.6667  0.11539502e-09 -156.24 0.27507949e-13 -138.39 0.46991054e-13   65.82
       1333.3333  0.80373477e-10 -150.45 0.21993014e-13 -134.52 0.32201489e-13   75.64
       1500.0000  0.57428644e-10 -144.85 0.17728141e-13 -130.46 0.22596315e-13   85.17
       1666.6667  0.41813201e-10 -139.59 0.14391501e-13 -126.33 0.16138518e-13   94.38
       1833.3333  0.30882977e-10 -134.75 0.11753409e-13 -122.25 0.11680239e-13  103.26
       2000.0000  0.23070322e-10 -130.42 0.96486342e-14 -118.27 0.85382991e-14  111.78
       2166.6667  0.17398379e-10 -126.68 0.79566237e-14 -114.46 0.62879243e-14  119.93
       2333.3333  0.13233382e-10 -123.61 0.65880029e-14 -110.88 0.46554518e-14  127.67
       2500.0000  0.10150305e-10 -121.27 0.54754471e-14 -107.54 0.34593288e-14  134.98
       2666.6667  0.78561043e-11 -119.71 0.45674702e-14 -104.49 0.25761332e-14  141.83
       2833.3333  0.61438711e-11 -118.97 0.38241505e-14 -101.75 0.19202265e-14  148.16
       3000.0000  0.48643867e-11 -119.03 0.32141464e-14  -99.33 0.14311539e-14  153.92
       3166.6667  0.39079322e-11 -119.84 0.27125808e-14  -97.24 0.10656152e-14  159.02
       3333.3333  0.31924250e-11 -121.26 0.22995183e-14  -95.48 0.79221777e-15  163.35
       3500.0000  0.26556437e-11 -123.13 0.19588523e-14  -94.05 0.58797144e-15  166.80
       3666.6667  0.22501594e-11 -125.22 0.16774812e-14  -92.94 0.43589984e-15  169.18
       3833.3333  0.19400036e-11 -127.32 0.14446906e-14  -92.11 0.32338130e-15  170.29
       4000.0000  0.16983304e-11 -129.28 0.12516853e-14  -91.54 0.24096980e-15  169.91
       4166.6667  0.15055723e-11 -130.98 0.10912305e-14  -91.19 0.18152872e-15  167.86
       4333.3333  0.13478378e-11 -132.36 0.95737308e-15  -91.02 0.13956364e-15  164.11
       4500.0000  0.12154998e-11 -133.43 0.84522136e-15  -91.00 0.11069625e-15  158.97
       4666.6667  0.11020064e-11 -134.20 0.75076804e-15  -91.07 0.91296998e-16  153.08
       4833.3333  0.10029401e-11 -134.73 0.67074406e-15  -91.22 0.78337093e-16  147.29
       5000.0000  0.91531896e-12 -135.06 0.60249571e-15  -91.40 0.69428141e-16  142.30
       5166.6667  0.83710180e-12 -135.24 0.54387960e-15  -91.59 0.62876395e-16  138.44
       5333.3333  0.76685296e-12 -135.30 0.49317236e-15  -91.77 0.57617213e-16  135.73
       5500.0000  0.70352151e-12 -135.29 0.44899316e-15  -91.94 0.53053538e-16  134.01
       5666.6667  0.64629998e-12 -135.23 0.41023770e-15  -92.08 0.48885616e-16  133.04
       5833.3333  0.59453615e-12 -135.15 0.37602286e-15  -92.20 0.44981828e-16  132.62
       6000.0000  0.54767908e-12 -135.06 0.34564093e-15  -92.28 0.41296495e-16  132.59
       6166.6667  0.50524701e-12 -134.98 0.31852232e-15  -92.34 0.37822788e-16  132.81
       6333.3333  0.46680877e-12 -134.90 0.29420577e-15  -92.38 0.34567757e-16  133.17
       6500.0000  0.43197321e-12 -134.83 0.27231471e-15  -92.40 0.31540102e-16  133.61
       6666.6667  0.40038337e-12 -134.78 0.25253881e-15  -92.41 0.28744906e-16  134.06
       6833.3333  0.37171319e-12 -134.75 0.23461976e-15  -92.40 0.26181980e-16  134.50
       7000.0000  0.34566547e-12 -134.73 0.21834025e-15  -92.39 0.23845979e-16  134.89
       7166.6667  0.32197040e-12 -134.73 0.20351558e-15  -92.37 0.21727283e-16  135.22
       7333.3333  0.30038415e-12 -134.73 0.18998731e-15  -92.35 0.19813125e-16  135.49
       7500.0000  0.28068739e-12 -134.74 0.17761828e-15  -92.33 0.18088704e-16  135.70
       7666.6667  0.26268376e-12 -134.75 0.16628894e-15  -92.31 0.16538159e-16  135.84
       7833.3333  0.24619808e-12 -134.77 0.15589436e-15  -92.29 0.15145361e-16  135.93
       8000.0000  0.23107458e-12 -134.80 0.14634204e-15  -92.27 0.13894520e-16  135.98
       8166.6667  0.21717509e-12 -134.82 0.13755002e-15  -92.25 0.12770615e-16  135.99
       8333.3333  0.20437720e-12 -134.84 0.12944553e-15  -92.24 0.11759678e-16  135.97
       8500.0000  0.19257258e-12 -134.86 0.12196371e-15  -92.22 0.10848949e-16  135.94
       8666.6667  0.18166531e-12 -134.88 0.11504670e-15  -92.21 0.10026940e-16  135.89
       8833.3333  0.17157043e-12 -134.90 0.10864275e-15  -92.20 0.92834268e-17  135.83
       9000.0000  0.16221259e-12 -134.92 0.10270553e-15  -92.19 0.86093860e-17  135.77
       9166.6667  0.15352484e-12 -134.94 0.97193530e-16  -92.19 0.79969086e-17  135.71
       9333.3333  0.14544757e-12 -134.95 0.92069466e-16  -92.18 0.74390908e-17  135.65
       9500.0000  0.13792758e-12 -134.97 0.87299856e-16  -92.18 0.69299214e-17  135.60
       9666.6667  0.13091728e-12 -134.98 0.82854575e-16  -92.17 0.64641703e-17  135.55
       9833.3333  0.12437397e-12 -134.99 0.78706489e-16  -92.17 0.60372842e-17  135.51
      10000.0000  0.11825929e-12 -135.00 0.74831126e-16  -92.16 0.56452916e-17  135.47
