          0.0000  0.30038330e-06  179.66 0.30048372e-10 -178.89 0.79918207e-12    0.70
        250.0000  0.42228268e-08  179.05 0.10666100e-12 -121.26 0.14739912e-11    9.95
        500.0000  0.89051572e-09 -177.16 0.71675852e-13 -143.63 0.35831654e-12   24.72
        750.0000  0.34676363e-09 -170.38 0.50012777e-13 -145.41 0.14395935e-12   40.28
       1000.0000  0.17172233e-09 -162.07 0.34722394e-13 -141.84 0.70842249e-13   55.74
       1250.0000  0.95943123e-10 -153.33 0.24572022e-13 -136.48 0.38765799e-13   70.76
       1500.0000  0.57425151e-10 -144.86 0.17730287e-13 -130.45 0.22595815e-13   85.17
       1750.0000  0.35875106e-10 -137.12 0.12998534e-13 -124.27 0.13709429e-13   98.86
       2000.0000  0.23067537e-10 -130.43 0.96501231e-14 -118.26 0.85377937e-14  111.78
       2250.0000  0.15155641e-10 -125.07 0.72376828e-14 -112.63 0.54069944e-14  123.85
       2500.0000  0.10148676e-10 -121.28 0.54762863e-14 -107.53 0.34588907e-14  134.98
       2750.0000  0.69366435e-11 -119.26 0.41779223e-14 -103.06 0.22236335e-14  145.06
       3000.0000  0.48639191e-11 -119.06 0.32144775e-14  -99.31 0.14308089e-14  153.92
       3250.0000  0.35243461e-11 -120.51 0.24962217e-14  -96.30 0.91870443e-15  161.28
       3500.0000  0.26559890e-11 -123.16 0.19588694e-14  -94.04 0.58772537e-15  166.79
       3750.0000  0.20855818e-11 -126.31 0.15555335e-14  -92.47 0.37515482e-15  169.89
       4000.0000  0.16989527e-11 -129.31 0.12515678e-14  -91.52 0.24082779e-15  169.88
       4250.0000  0.14236174e-11 -131.73 0.10211713e-14  -91.07 0.15856927e-15  166.14
       4500.0000  0.12160311e-11 -133.44 0.84509249e-15  -90.99 0.11066227e-15  158.91
       4750.0000  0.10513196e-11 -134.50 0.70902120e-15  -91.13 0.84185400e-16  150.05
       5000.0000  0.91565868e-12 -135.06 0.60241036e-15  -91.39 0.69460087e-16  142.24
       5250.0000  0.80130662e-12 -135.28 0.51757098e-15  -91.68 0.60171427e-16  136.91
       5500.0000  0.70370140e-12 -135.29 0.44895599e-15  -91.94 0.53092141e-16  133.98
       5750.0000  0.61989510e-12 -135.19 0.39259171e-15  -92.15 0.46937730e-16  132.76
       6000.0000  0.54775963e-12 -135.06 0.34563554e-15  -92.29 0.41322332e-16  132.59
       6250.0000  0.48560471e-12 -134.93 0.30604274e-15  -92.37 0.36186458e-16  132.98
       6500.0000  0.43200420e-12 -134.83 0.27232378e-15  -92.40 0.31553446e-16  133.62
       6750.0000  0.38572136e-12 -134.77 0.24337334e-15  -92.41 0.27443388e-16  134.29
       7000.0000  0.34567747e-12 -134.73 0.21835274e-15  -92.39 0.23851314e-16  134.90
       7250.0000  0.31093668e-12 -134.73 0.19661048e-15  -92.36 0.20748469e-16  135.37
       7500.0000  0.28069504e-12 -134.74 0.17762927e-15  -92.33 0.18090093e-16  135.70
       7750.0000  0.25426904e-12 -134.77 0.16099050e-15  -92.30 0.15823518e-16  135.90
       8000.0000  0.23108280e-12 -134.80 0.14635031e-15  -92.27 0.13894535e-16  135.98
       8250.0000  0.21065434e-12 -134.83 0.13342308e-15  -92.24 0.12251702e-16  135.99
       8500.0000  0.19258184e-12 -134.87 0.12196964e-15  -92.22 0.10848804e-16  135.94
       8750.0000  0.17653071e-12 -134.90 0.11178864e-15  -92.21 0.96459067e-17  135.86
       9000.0000  0.16222205e-12 -134.93 0.10270985e-15  -92.19 0.86094447e-17  135.76
       9250.0000  0.14942259e-12 -134.95 0.94588932e-16  -92.18 0.77117284e-17  135.68
       9500.0000  0.13793644e-12 -134.97 0.87303166e-16  -92.17 0.69301708e-17  135.59
       9750.0000  0.12759813e-12 -134.99 0.80747935e-16  -92.17 0.62464348e-17  135.52
      10000.0000  0.11826715e-12 -135.00 0.74833817e-16  -92.16 0.56456257e-17  135.47
      10250.0000  0.10982351e-12 -135.02 0.69484148e-16  -92.15 0.51155893e-17  135.42
      10500.0000  0.10216418e-12 -135.03 0.64633003e-16  -92.15 0.46463350e-17  135.38
      10750.0000  0.95200251e-13 -135.05 0.60223499e-16  -92.14 0.42295780e-17  135.35
      11000.0000  0.88854699e-13 -135.06 0.56206396e-16  -92.14 0.38583862e-17  135.32
      11250.0000  0.83060510e-13 -135.07 0.52538923e-16  -92.13 0.35269092e-17  135.29
      11500.0000  0.77759179e-13 -135.08 0.49183805e-16  -92.13 0.32301729e-17  135.27
      11750.0000  0.72899476e-13 -135.09 0.46108453e-16  -92.12 0.29639213e-17  135.25
      12000.0000  0.68436407e-13 -135.10 0.43284285e-16  -92.12 0.27244940e-17  135.23
      12250.0000  0.64330351e-13 -135.11 0.40686161e-16  -92.11 0.25087302e-17  135.21
      12500.0000  0.60546329e-13 -135.11 0.38291905e-16  -92.11 0.23138911e-17  135.19
      12750.0000  0.57053388e-13 -135.12 0.36081903e-16  -92.11 0.21375970e-17  135.17
      13000.0000  0.53824069e-13 -135.13 0.34038766e-16  -92.10 0.19777748e-17  135.15
      13250.0000  0.50833965e-13 -135.14 0.32147035e-16  -92.10 0.18326148e-17  135.14
      13500.0000  0.48061324e-13 -135.14 0.30392942e-16  -92.10 0.17005336e-17  135.12
      13750.0000  0.45486730e-13 -135.15 0.28764191e-16  -92.09 0.15801428e-17  135.11
      14000.0000  0.43092807e-13 -135.16 0.27249784e-16  -92.09 0.14702225e-17  135.09
      14250.0000  0.40863977e-13 -135.16 0.25839860e-16  -92.09 0.13696985e-17  135.08
      14500.0000  0.38786250e-13 -135.17 0.24525559e-16  -92.09 0.12776229e-17  135.06
      14750.0000  0.36847032e-13 -135.17 0.23298911e-16  -92.08 0.11931576e-17  135.05
      15000.0000  0.35034969e-13 -135.18 0.22152728e-16  -92.08 0.11155598e-17  135.04
