          0.0000  0.30038330e-06  179.66 0.30048372e-10 -178.89 0.79918207e-12    0.70
        250.0000  0.42228278e-08  179.05 0.10665347e-12 -121.26 0.14739912e-11    9.95
        500.0000  0.89051734e-09 -177.15 0.71671047e-13 -143.63 0.35831665e-12   24.72
        750.0000  0.34676630e-09 -170.38 0.50008785e-13 -145.42 0.14395956e-12   40.28
       1000.0000  0.17172597e-09 -162.07 0.34718743e-13 -141.85 0.70842542e-13   55.74
       1250.0000  0.95947339e-10 -153.32 0.24568681e-13 -136.50 0.38766156e-13   70.76
       1500.0000  0.57429463e-10 -144.85 0.17727321e-13 -130.47 0.22596209e-13   85.17
       1750.0000  0.35879099e-10 -137.10 0.12996009e-13 -124.29 0.13709833e-13   98.86
       2000.0000  0.23070917e-10 -130.41 0.96480767e-14 -118.28 0.85381893e-14  111.78
       2250.0000  0.15158237e-10 -125.05 0.72361154e-14 -112.65 0.54073675e-14  123.85
       2500.0000  0.10150424e-10 -121.25 0.54751668e-14 -107.55 0.34592329e-14  134.98
       2750.0000  0.69375651e-11 -119.22 0.41771969e-14 -103.09 0.22239404e-14  145.06
       3000.0000  0.48641102e-11 -119.02 0.32140789e-14  -99.34 0.14310785e-14  153.92
       3250.0000  0.35239624e-11 -120.47 0.24960768e-14  -96.33 0.91893596e-15  161.29
       3500.0000  0.26552273e-11 -123.12 0.19589062e-14  -94.06 0.58791833e-15  166.80
       3750.0000  0.20846440e-11 -126.27 0.15556863e-14  -92.50 0.37530830e-15  169.90
       4000.0000  0.16980049e-11 -129.28 0.12517806e-14  -91.55 0.24094016e-15  169.90
       4250.0000  0.14227667e-11 -131.71 0.10214006e-14  -91.09 0.15863889e-15  166.18
       4500.0000  0.12153281e-11 -133.43 0.84530792e-15  -91.00 0.11069054e-15  158.95
       4750.0000  0.10507743e-11 -134.50 0.70920477e-15  -91.14 0.84180740e-16  150.10
       5000.0000  0.91525775e-12 -135.06 0.60255444e-15  -91.40 0.69436323e-16  142.28
       5250.0000  0.80102645e-12 -135.29 0.51767546e-15  -91.68 0.60140972e-16  136.94
       5500.0000  0.70351576e-12 -135.30 0.44902541e-15  -91.94 0.53062523e-16  134.00
       5750.0000  0.61977940e-12 -135.20 0.39263280e-15  -92.14 0.46912393e-16  132.77
       6000.0000  0.54769287e-12 -135.07 0.34565551e-15  -92.28 0.41302318e-16  132.59
       6250.0000  0.48557015e-12 -134.94 0.30604812e-15  -92.36 0.36171602e-16  132.98
       6500.0000  0.43198923e-12 -134.84 0.27231998e-15  -92.40 0.31543037e-16  133.61
       6750.0000  0.38571704e-12 -134.77 0.24336445e-15  -92.40 0.27436531e-16  134.28
       7000.0000  0.34567784e-12 -134.73 0.21834163e-15  -92.39 0.23847118e-16  134.89
       7250.0000  0.31093813e-12 -134.73 0.19659901e-15  -92.36 0.20746141e-16  135.36
       7500.0000  0.28069560e-12 -134.74 0.17761853e-15  -92.33 0.18088983e-16  135.70
       7750.0000  0.25426788e-12 -134.76 0.16098100e-15  -92.30 0.15823129e-16  135.90
       8000.0000  0.23107979e-12 -134.80 0.14634222e-15  -92.27 0.13894513e-16  135.98
       8250.0000  0.21064972e-12 -134.83 0.13341635e-15  -92.24 0.12251817e-16  135.99
       8500.0000  0.19257603e-12 -134.86 0.12196410e-15  -92.22 0.10848919e-16  135.94
       8750.0000  0.17652414e-12 -134.89 0.11178409e-15  -92.21 0.96459566e-17  135.86
       9000.0000  0.16221510e-12 -134.92 0.10270608e-15  -92.19 0.86094072e-17  135.77
       9250.0000  0.14941559e-12 -134.95 0.94585766e-16  -92.18 0.77116085e-17  135.68
       9500.0000  0.13792959e-12 -134.97 0.87300457e-16  -92.18 0.69299860e-17  135.60
       9750.0000  0.12759159e-12 -134.98 0.80745569e-16  -92.17 0.62462064e-17  135.53
      10000.0000  0.11826100e-12 -135.00 0.74831709e-16  -92.16 0.56453739e-17  135.47
      10250.0000  0.10981779e-12 -135.02 0.69482239e-16  -92.15 0.51153305e-17  135.42
      10500.0000  0.10215888e-12 -135.03 0.64631249e-16  -92.15 0.46460810e-17  135.38
      10750.0000  0.95195363e-13 -135.04 0.60221872e-16  -92.14 0.42293365e-17  135.35
      11000.0000  0.88850195e-13 -135.05 0.56204876e-16  -92.14 0.38581615e-17  135.32
      11250.0000  0.83056354e-13 -135.06 0.52537497e-16  -92.13 0.35267030e-17  135.30
      11500.0000  0.77755338e-13 -135.07 0.49182463e-16  -92.13 0.32299854e-17  135.27
      11750.0000  0.72895918e-13 -135.08 0.46107187e-16  -92.12 0.29637514e-17  135.25
      12000.0000  0.68433101e-13 -135.09 0.43283090e-16  -92.12 0.27243404e-17  135.23
      12250.0000  0.64327272e-13 -135.10 0.40685033e-16  -92.12 0.25085912e-17  135.21
      12500.0000  0.60543454e-13 -135.11 0.38290838e-16  -92.11 0.23137651e-17  135.19
      12750.0000  0.57050696e-13 -135.12 0.36080895e-16  -92.11 0.21374823e-17  135.18
      13000.0000  0.53821545e-13 -135.13 0.34037812e-16  -92.10 0.19776702e-17  135.16
      13250.0000  0.50831592e-13 -135.13 0.32146132e-16  -92.10 0.18325191e-17  135.14
      13500.0000  0.48059090e-13 -135.14 0.30392086e-16  -92.10 0.17004458e-17  135.12
      13750.0000  0.45484623e-13 -135.15 0.28763380e-16  -92.09 0.15800620e-17  135.11
      14000.0000  0.43090817e-13 -135.15 0.27249015e-16  -92.09 0.14701480e-17  135.09
      14250.0000  0.40862095e-13 -135.16 0.25839130e-16  -92.09 0.13696297e-17  135.08
      14500.0000  0.38784468e-13 -135.16 0.24524866e-16  -92.09 0.12775592e-17  135.07
      14750.0000  0.36845342e-13 -135.17 0.23298252e-16  -92.08 0.11930985e-17  135.05
      15000.0000  0.35033365e-13 -135.17 0.22152101e-16  -92.08 0.11155048e-17  135.04
