          0.0000  0.30038330e-06  179.66 0.30048371e-10 -178.89 0.79918207e-12    0.70
         83.3333  0.45418824e-07  179.09 0.24499286e-11 -173.43 0.90575963e-11    2.22
        166.6667  0.10314155e-07  178.72 0.21234528e-12 -137.63 0.31326055e-11    5.66
        250.0000  0.42228291e-08  179.05 0.10665200e-12 -121.26 0.14739913e-11    9.95
        333.3333  0.22272381e-08  179.90 0.88433012e-13 -131.82 0.83446174e-12   14.67
        416.6667  0.13480953e-08 -178.82 0.79660348e-13 -139.67 0.52756918e-12   19.63
        500.0000  0.89051875e-09 -177.15 0.71669864e-13 -143.63 0.35831674e-12   24.72
        583.3333  0.62478780e-09 -175.15 0.63860630e-13 -145.35 0.25575348e-12   29.89
        666.6667  0.45790622e-09 -172.87 0.56572160e-13 -145.77 0.18927235e-12   35.08
        750.0000  0.34676778e-09 -170.38 0.50007745e-13 -145.42 0.14395971e-12   40.28
        833.3333  0.26931155e-09 -167.71 0.44210293e-13 -144.55 0.11185624e-12   45.47
        916.6667  0.21335038e-09 -164.93 0.39138491e-13 -143.33 0.88404085e-13   50.63
       1000.0000  0.17172749e-09 -162.07 0.34717800e-13 -141.85 0.70842766e-13   55.74
       1083.3333  0.14002448e-09 -159.16 0.30866295e-13 -140.19 0.57422439e-13   60.81
       1166.6667  0.11539717e-09 -156.24 0.27506128e-13 -138.39 0.46991224e-13   65.82
       1250.0000  0.95948841e-10 -153.32 0.24567839e-13 -136.50 0.38766430e-13   70.76
       1333.3333  0.80375725e-10 -150.44 0.21991319e-13 -134.53 0.32201676e-13   75.64
       1416.6667  0.67757810e-10 -147.61 0.19725348e-13 -132.51 0.26906575e-13   80.44
       1500.0000  0.57430888e-10 -144.85 0.17726589e-13 -130.47 0.22596513e-13   85.17
       1583.3333  0.48905687e-10 -142.17 0.15958466e-13 -128.41 0.19060290e-13   89.82
       1666.6667  0.41815343e-10 -139.58 0.14390106e-13 -126.34 0.16138720e-13   94.38
       1750.0000  0.35880396e-10 -137.10 0.12995394e-13 -124.29 0.13710147e-13   98.86
       1833.3333  0.30884939e-10 -134.74 0.11752182e-13 -122.26 0.11680441e-13  103.26
       1916.6667  0.26660050e-10 -132.50 0.10641614e-13 -120.25 0.99759570e-14  107.57
       2000.0000  0.23072049e-10 -130.41 0.96475802e-14 -118.28 0.85384971e-14  111.78
       2083.3333  0.20014059e-10 -128.46 0.87562582e-14 -116.35 0.73216538e-14  115.90
       2166.6667  0.17399833e-10 -126.67 0.79557414e-14 -114.48 0.62881152e-14  119.93
       2250.0000  0.15159181e-10 -125.04 0.72357313e-14 -112.65 0.54076582e-14  123.85
       2333.3333  0.13234542e-10 -123.59 0.65872858e-14 -110.89 0.46556335e-14  127.67
       2416.6667  0.11578377e-10 -122.33 0.60026101e-14 -109.19 0.40118126e-14  131.38
       2500.0000  0.10151167e-10 -121.25 0.54748848e-14 -107.55 0.34594997e-14  134.98
       2583.3333  0.89198655e-11 -120.37 0.49981225e-14 -105.99 0.29848425e-14  138.47
       2666.6667  0.78566775e-11 -119.69 0.45670490e-14 -104.50 0.25762925e-14  141.83
       2750.0000  0.69381040e-11 -119.22 0.41770033e-14 -103.09 0.22241796e-14  145.06
       2833.3333  0.61441744e-11 -118.95 0.38238544e-14 -101.76 0.19203735e-14  148.16
       2916.6667  0.54578340e-11 -118.88 0.35039302e-14 -100.51 0.16580131e-14  151.12
       3000.0000  0.48644493e-11 -119.01 0.32139582e-14  -99.34 0.14312884e-14  153.92
       3083.3333  0.43514076e-11 -119.32 0.29510151e-14  -98.26 0.12352643e-14  156.55
       3166.6667  0.39077923e-11 -119.81 0.27124830e-14  -97.25 0.10657370e-14  159.02
       3250.0000  0.35241199e-11 -120.46 0.24960130e-14  -96.33 0.91911571e-15  161.29
       3333.3333  0.31921272e-11 -121.24 0.22994934e-14  -95.50 0.79232676e-15  163.36
       3416.6667  0.29046001e-11 -122.13 0.21210223e-14  -94.74 0.68273297e-15  165.20
       3500.0000  0.26552356e-11 -123.10 0.19588838e-14  -94.07 0.58806754e-15  166.80
       3583.3333  0.24385298e-11 -124.13 0.18115282e-14  -93.47 0.50637862e-15  168.14
       3666.6667  0.22496877e-11 -125.20 0.16775536e-14  -92.95 0.43598286e-15  169.18
       3750.0000  0.20845464e-11 -126.26 0.15556910e-14  -92.50 0.37542627e-15  169.91
       3833.3333  0.19395095e-11 -127.31 0.14447902e-14  -92.12 0.32345095e-15  170.29
       3916.6667  0.18114882e-11 -128.31 0.13438086e-14  -91.80 0.27896658e-15  170.30
       4000.0000  0.16978467e-11 -129.27 0.12518003e-14  -91.55 0.24102570e-15  169.92
       4083.3333  0.15963515e-11 -130.15 0.11679073e-14  -91.35 0.20880191e-15  169.11
       4166.6667  0.15051221e-11 -130.97 0.10913511e-14  -91.20 0.18157048e-15  167.87
       4250.0000  0.14225860e-11 -131.70 0.10214259e-14  -91.09 0.15869088e-15  166.20
       4333.3333  0.13474351e-11 -132.35 0.95749160e-15  -91.03 0.13959121e-15  164.13
       4416.6667  0.12785875e-11 -132.93 0.89896860e-15  -91.00 0.12375489e-15  161.70
       4500.0000  0.12151512e-11 -133.42 0.84533218e-15  -91.00 0.11071035e-15  158.99
       4583.3333  0.11563934e-11 -133.85 0.79610794e-15  -91.03 0.10002436e-15  156.09
       4666.6667  0.11017128e-11 -134.20 0.75086742e-15  -91.08 0.91299509e-16  153.10
       4750.0000  0.10506163e-11 -134.49 0.70922414e-15  -91.14 0.84175234e-16  150.14
       4833.3333  0.10026989e-11 -134.73 0.67082991e-15  -91.22 0.78330902e-16  147.31
       4916.6667  0.95762723e-12 -134.92 0.63537146e-15  -91.31 0.73488963e-16  144.68
       5000.0000  0.91512537e-12 -135.06 0.60256728e-15  -91.40 0.69416434e-16  142.32
