          0.0000  0.30054806e-10    1.11 0.30003076e-06  179.66 0.53109257e-08    0.25
        166.6667  0.20833233e-11    6.74 0.12257699e-07    6.31 0.30026639e-08    2.60
        333.3333  0.45505797e-12   15.09 0.26230581e-08   14.88 0.55642494e-09    7.86
        500.0000  0.14502679e-12   25.35 0.99944499e-09   23.37 0.18742561e-09   14.48
        666.6667  0.52139017e-13   39.05 0.47223306e-09   31.77 0.80249065e-10   22.12
        833.3333  0.18838031e-13   61.63 0.25117692e-09   39.97 0.39314290e-10   30.53
       1000.0000  0.76538620e-14  108.36 0.14405102e-09   47.85 0.20980101e-10   39.57
       1166.6667  0.63415481e-14  162.20 0.87005845e-10   55.30 0.11886240e-10   49.18
       1333.3333  0.66631418e-14 -171.11 0.54544027e-10   62.19 0.70480561e-11   59.32
       1500.0000  0.64870430e-14 -156.52 0.35140100e-10   68.40 0.43380180e-11   69.94
       1666.6667  0.59449289e-14 -146.37 0.23098856e-10   73.79 0.27572012e-11   80.97
       1833.3333  0.52604014e-14 -138.30 0.15410212e-10   78.17 0.18029936e-11   92.31
       2000.0000  0.45612845e-14 -131.44 0.10396751e-10   81.33 0.12092064e-11  103.85
       2166.6667  0.39083126e-14 -125.39 0.70826292e-11   82.98 0.82922416e-12  115.50
       2333.3333  0.33255745e-14 -119.97 0.48794667e-11   82.76 0.57969660e-12  127.15
       2500.0000  0.28186384e-14 -115.08 0.34211798e-11   80.32 0.41192313e-12  138.75
       2666.6667  0.23843136e-14 -110.67 0.24721366e-11   75.50 0.29671420e-12  150.26
       2833.3333  0.20157142e-14 -106.72 0.18727091e-11   68.63 0.21613329e-12  161.66
       3000.0000  0.17048086e-14 -103.20 0.15065483e-11   60.79 0.15888264e-12  172.95
       3166.6667  0.14436474e-14 -100.11 0.12851008e-11   53.43 0.11767085e-12 -175.86
       3333.3333  0.12249070e-14  -97.45 0.11445481e-11   47.54 0.87681350e-13 -164.75
       3500.0000  0.10420840e-14  -95.20 0.10446585e-11   43.42 0.65663035e-13 -153.72
       3666.6667  0.88952117e-15  -93.35 0.96359450e-12   40.85 0.49378577e-13 -142.74
       3833.3333  0.76235357e-15  -91.89 0.89103586e-12   39.48 0.37262077e-13 -131.81
       4000.0000  0.65642625e-15  -90.79 0.82280085e-12   38.96 0.28201645e-13 -120.90
       4166.6667  0.56820499e-15  -90.03 0.75761061e-12   39.01 0.21398121e-13 -110.01
       4333.3333  0.49469237e-15  -89.57 0.69539668e-12   39.42 0.16271274e-13  -99.14
       4500.0000  0.43335343e-15  -89.37 0.63648884e-12   40.05 0.12396263e-13  -88.27
       4666.6667  0.38205187e-15  -89.36 0.58125592e-12   40.78 0.94598345e-14  -77.39
       4833.3333  0.33899578e-15  -89.52 0.52996653e-12   41.55 0.72296498e-14  -66.51
       5000.0000  0.30269125e-15  -89.78 0.48275180e-12   42.29 0.55325270e-14  -55.61
       5166.6667  0.27190186e-15  -90.11 0.43961236e-12   42.97 0.42388307e-14  -44.70
       5333.3333  0.24561266e-15  -90.47 0.40044174e-12   43.58 0.32511677e-14  -33.76
       5500.0000  0.22299741e-15  -90.83 0.36505370e-12   44.10 0.24961348e-14  -22.79
       5666.6667  0.20338887e-15  -91.16 0.33320771e-12   44.52 0.19182560e-14  -11.79
       5833.3333  0.18625189e-15  -91.46 0.30463074e-12   44.85 0.14755008e-14   -0.75
       6000.0000  0.17115945e-15  -91.71 0.27903475e-12   45.09 0.11359565e-14   10.33
       6166.6667  0.15777189e-15  -91.91 0.25613015e-12   45.26 0.87534534e-15   21.46
       6333.3333  0.14581910e-15  -92.07 0.23563572e-12   45.36 0.67516629e-15   32.64
       6500.0000  0.13508584e-15  -92.18 0.21728548e-12   45.41 0.52129903e-15   43.89
       6666.6667  0.12539973e-15  -92.26 0.20083315e-12   45.41 0.40295199e-15   55.20
       6833.3333  0.11662161e-15  -92.31 0.18605454e-12   45.39 0.31186777e-15   66.58
       7000.0000  0.10863809e-15  -92.33 0.17274848e-12   45.35 0.24172145e-15   78.03
       7166.6667  0.10135562e-15  -92.34 0.16073655e-12   45.29 0.18766385e-15   89.57
       7333.3333  0.94696071e-16  -92.33 0.14986196e-12   45.23 0.14597434e-15  101.18
       7500.0000  0.88593328e-16  -92.31 0.13998801e-12   45.17 0.11379627e-15  112.87
       7666.6667  0.82990715e-16  -92.28 0.13099616e-12   45.11 0.88935188e-16  124.63
       7833.3333  0.77839086e-16  -92.25 0.12278397e-12   45.05 0.69704582e-16  136.46
       8000.0000  0.73095377e-16  -92.23 0.11526313e-12   45.00 0.54807959e-16  148.34
       8166.6667  0.68721531e-16  -92.20 0.10835753e-12   44.96 0.43248465e-16  160.26
       8333.3333  0.64683675e-16  -92.17 0.10200153e-12   44.93 0.34259612e-16  172.19
       8500.0000  0.60951499e-16  -92.15 0.96138344e-13   44.90 0.27252094e-16 -175.88
       8666.6667  0.57497769e-16  -92.13 0.90718747e-13   44.88 0.21772936e-16 -163.98
       8833.3333  0.54297944e-16  -92.12 0.85699845e-13   44.86 0.17474058e-16 -152.16
       9000.0000  0.51329868e-16  -92.10 0.81044107e-13   44.85 0.14088078e-16 -140.43
       9166.6667  0.48573509e-16  -92.09 0.76718526e-13   44.84 0.11409654e-16 -128.83
       9333.3333  0.46010742e-16  -92.09 0.72693926e-13   44.83 0.92811062e-17 -117.39
       9500.0000  0.43625162e-16  -92.08 0.68944387e-13   44.83 0.75813105e-17 -106.15
       9666.6667  0.41401908e-16  -92.08 0.65446779e-13   44.82 0.62171507e-17  -95.12
       9833.3333  0.39327523e-16  -92.07 0.62180365e-13   44.82 0.51169303e-17  -84.32
      10000.0000  0.37389812e-16  -92.07 0.59126486e-13   44.82 0.42253155e-17  -73.79
