          0.0000  0.30090474E-10    0.57 0.29979014E-06  179.82 0.53109918E-08    0.13
        250.0000  0.91930765E-12    5.64 0.51197257E-08    5.77 0.11384900E-08    2.56
        500.0000  0.15376494E-12   13.68 0.10721111E-08   13.29 0.19143240E-09    7.51
        750.0000  0.34874472E-13   26.65 0.38796218E-09   21.21 0.58349539E-10   13.93
       1000.0000  0.66776432E-14   66.60 0.17661137E-09   29.26 0.23025580E-10   21.53
       1250.0000  0.50185747E-14  163.05 0.91678414E-10   37.17 0.10542537E-10   30.23
       1500.0000  0.62201562E-14 -172.17 0.51830249E-10   44.71 0.53524706E-11   39.93
       1750.0000  0.60047557E-14 -161.12 0.31073816E-10   51.67 0.29457094E-11   50.45
       2000.0000  0.52979314E-14 -153.17 0.19413202E-10   57.89 0.17309829E-11   61.50
       2250.0000  0.45071798E-14 -146.45 0.12486108E-10   63.22 0.10722139E-11   72.81
       2500.0000  0.37750284E-14 -140.45 0.81989124E-11   67.50 0.69200127E-12   84.16
       2750.0000  0.31414042E-14 -134.95 0.54675405E-11   70.51 0.46071068E-12   95.44
       3000.0000  0.26085407E-14 -129.90 0.36946023E-11   72.00 0.31388868E-12  106.61
       3250.0000  0.21661358E-14 -125.25 0.25335110E-11   71.67 0.21753711E-12  117.66
       3500.0000  0.18009319E-14 -121.00 0.17741585E-11   69.25 0.15268698E-12  128.63
       3750.0000  0.15001788E-14 -117.16 0.12835601E-11   64.68 0.10820020E-12  139.53
       4000.0000  0.12527095E-14 -113.71 0.97299434E-12   58.41 0.77241902E-13  150.40
       4250.0000  0.10491086E-14 -110.67 0.77968916E-12   51.45 0.55462244E-13  161.26
       4500.0000  0.88156591E-15 -108.03 0.65821052E-12   44.99 0.40011050E-13  172.13
       4750.0000  0.74364388E-15 -105.78 0.57740351E-12   39.82 0.28977511E-13 -176.97
       5000.0000  0.63004599E-15 -103.92 0.51814911E-12   36.17 0.21057499E-13 -166.03
       5250.0000  0.53641331E-15 -102.43 0.47004765E-12   33.87 0.15348440E-13 -155.03
       5500.0000  0.45915510E-15 -101.27 0.42801649E-12   32.61 0.11218796E-13 -143.97
       5750.0000  0.39531098E-15 -100.43 0.38980793E-12   32.09 0.82228272E-14 -132.83
       6000.0000  0.34243979E-15  -99.87 0.35453708E-12   32.08 0.60437523E-14 -121.59
       6250.0000  0.29853002E-15  -99.53 0.32190867E-12   32.38 0.44551812E-14 -110.26
       6500.0000  0.26192742E-15  -99.38 0.29184270E-12   32.87 0.32945932E-14  -98.83
       6750.0000  0.23127571E-15  -99.38 0.26430701E-12   33.45 0.24448881E-14  -87.29
       7000.0000  0.20546742E-15  -99.47 0.23925098E-12   34.05 0.18214372E-14  -75.65
       7250.0000  0.18360250E-15  -99.64 0.21658650E-12   34.63 0.13629270E-14  -63.91
       7500.0000  0.16495307E-15  -99.84 0.19618919E-12   35.15 0.10248445E-14  -52.09
       7750.0000  0.14893316E-15 -100.05 0.17790722E-12   35.60 0.77481952E-15  -40.21
       8000.0000  0.13507280E-15 -100.26 0.16157170E-12   35.98 0.58927996E-15  -28.29
       8250.0000  0.12299595E-15 -100.45 0.14700622E-12   36.27 0.45104204E-15  -16.37
       8500.0000  0.11240202E-15 -100.61 0.13403457E-12   36.49 0.34756819E-15   -4.50
       8750.0000  0.10305043E-15 -100.75 0.12248653E-12   36.65 0.26970445E-15    7.28
       9000.0000  0.94748061E-16 -100.86 0.11220183E-12   36.74 0.21076302E-15   18.93
       9250.0000  0.87339162E-16 -100.95 0.10303262E-12   36.79 0.16585410E-15   30.40
       9500.0000  0.80697272E-16 -101.01 0.94844778E-13   36.80 0.13139864E-15   41.64
       9750.0000  0.74718916E-16 -101.05 0.87518210E-13   36.78 0.10477251E-15   52.62
      10000.0000  0.69318667E-16 -101.07 0.80946571E-13   36.73 0.84046927E-16   63.32
      10250.0000  0.64425339E-16 -101.08 0.75036497E-13   36.68 0.67799102E-16   73.70
      10500.0000  0.59979045E-16 -101.08 0.69706565E-13   36.61 0.54974547E-16   83.76
      10750.0000  0.55928937E-16 -101.07 0.64886118E-13   36.54 0.44787144E-16   93.48
      11000.0000  0.52231470E-16 -101.06 0.60514047E-13   36.47 0.36646795E-16  102.88
      11250.0000  0.48849054E-16 -101.04 0.56537591E-13   36.41 0.30107147E-16  111.96
      11500.0000  0.45749016E-16 -101.02 0.52911230E-13   36.35 0.24827825E-16  120.73
      11750.0000  0.42902781E-16 -101.00 0.49595659E-13   36.29 0.20547121E-16  129.20
      12000.0000  0.40285231E-16 -100.97 0.46556893E-13   36.24 0.17062188E-16  137.38
      12250.0000  0.37874185E-16 -100.95 0.43765474E-13   36.19 0.14214600E-16  145.31
      12500.0000  0.35649987E-16 -100.93 0.41195793E-13   36.15 0.11879759E-16  152.99
      12750.0000  0.33595161E-16 -100.91 0.38825511E-13   36.11 0.99590629E-17  160.46
      13000.0000  0.31694129E-16 -100.90 0.36635072E-13   36.08 0.83740547E-17  167.73
      13250.0000  0.29932972E-16 -100.88 0.34607289E-13   36.06 0.70620156E-17  174.82
      13500.0000  0.28299227E-16 -100.86 0.32727004E-13   36.03 0.59726073E-17 -178.25
      13750.0000  0.26781718E-16 -100.85 0.30980796E-13   36.01 0.50652908E-17 -171.45
      14000.0000  0.25370401E-16 -100.84 0.29356740E-13   36.00 0.43073234E-17 -164.77
      14250.0000  0.24056239E-16 -100.83 0.27844209E-13   35.99 0.36721906E-17 -158.18
      14500.0000  0.22831087E-16 -100.82 0.26433697E-13   35.98 0.31383711E-17 -151.67
      14750.0000  0.21687594E-16 -100.81 0.25116685E-13   35.97 0.26883567E-17 -145.23
      15000.0000  0.20619115E-16 -100.80 0.23885507E-13   35.96 0.23078721E-17 -138.83
