          0.0000  0.30054806e-10    1.11 0.30003076e-06  179.66 0.53109257e-08    0.25
         83.3333  0.68847713e-11    3.17 0.44979208e-07    2.86 0.17421346e-07    0.84
        166.6667  0.20833233e-11    6.74 0.12257699e-07    6.31 0.30026639e-08    2.60
        250.0000  0.90107069e-12   10.71 0.49983962e-08   10.61 0.11336611e-08    5.04
        333.3333  0.45505797e-12   15.09 0.26230581e-08   14.88 0.55642494e-09    7.86
        416.6667  0.25043107e-12   19.93 0.15595951e-08   19.13 0.31004034e-09   11.02
        500.0000  0.14502679e-12   25.35 0.99944499e-09   23.37 0.18742561e-09   14.48
        583.3333  0.86427032e-13   31.58 0.67418052e-09   27.59 0.12003937e-09   18.19
        666.6667  0.52139017e-13   39.05 0.47223306e-09   31.77 0.80249065e-10   22.12
        750.0000  0.31440389e-13   48.56 0.34048372e-09   35.91 0.55443581e-10   26.24
        833.3333  0.18838031e-13   61.63 0.25117692e-09   39.97 0.39314290e-10   30.53
        916.6667  0.11423845e-13   80.87 0.18876530e-09   43.96 0.28470194e-10   34.97
       1000.0000  0.76538620e-14  108.36 0.14405102e-09   47.85 0.20980101e-10   39.57
       1083.3333  0.63982233e-14  138.66 0.11134687e-09   51.64 0.15690854e-10   44.31
       1166.6667  0.63415481e-14  162.20 0.87005845e-10   55.30 0.11886240e-10   49.18
       1250.0000  0.65436160e-14  177.99 0.68616847e-10   58.82 0.91064831e-11   54.19
       1333.3333  0.66631418e-14 -171.11 0.54544027e-10   62.19 0.70480561e-11   59.32
       1416.6667  0.66378624e-14 -162.99 0.43652612e-10   65.39 0.55057590e-11   64.57
       1500.0000  0.64870430e-14 -156.52 0.35140100e-10   68.40 0.43380180e-11   69.94
       1583.3333  0.62454510e-14 -151.09 0.28429308e-10   71.21 0.34454419e-11   75.41
       1666.6667  0.59449289e-14 -146.37 0.23098856e-10   73.79 0.27572012e-11   80.97
       1750.0000  0.56104600e-14 -142.15 0.18836975e-10   76.12 0.22221625e-11   86.61
       1833.3333  0.52604014e-14 -138.30 0.15410212e-10   78.17 0.18029936e-11   92.31
       1916.6667  0.49077214e-14 -134.75 0.12641841e-10   79.92 0.14721672e-11   98.06
       2000.0000  0.45612845e-14 -131.44 0.10396751e-10   81.33 0.12092064e-11  103.85
       2083.3333  0.42269305e-14 -128.32 0.85707082e-11   82.36 0.99875756e-12  109.67
       2166.6667  0.39083126e-14 -125.39 0.70826292e-11   82.98 0.82922416e-12  115.50
       2250.0000  0.36075267e-14 -122.60 0.58689492e-11   83.13 0.69178732e-12  121.32
       2333.3333  0.33255745e-14 -119.97 0.48794667e-11   82.76 0.57969660e-12  127.15
       2416.6667  0.30627009e-14 -117.46 0.40742323e-11   81.84 0.48775207e-12  132.96
       2500.0000  0.28186384e-14 -115.08 0.34211798e-11   80.32 0.41192313e-12  138.75
       2583.3333  0.25927818e-14 -112.82 0.28942892e-11   78.21 0.34906618e-12  144.51
       2666.6667  0.23843136e-14 -110.67 0.24721366e-11   75.50 0.29671420e-12  150.26
       2750.0000  0.21922922e-14 -108.64 0.21367455e-11   72.27 0.25291914e-12  155.97
       2833.3333  0.20157142e-14 -106.72 0.18727091e-11   68.63 0.21613329e-12  161.66
       2916.6667  0.18535571e-14 -104.90 0.16665827e-11   64.74 0.18511944e-12  167.32
       3000.0000  0.17048086e-14 -103.20 0.15065483e-11   60.79 0.15888264e-12  172.95
       3083.3333  0.15684858e-14 -101.60 0.13823073e-11   56.97 0.13661804e-12  178.56
       3166.6667  0.14436474e-14 -100.11 0.12851008e-11   53.43 0.11767085e-12 -175.86
       3250.0000  0.13294011e-14  -98.73 0.12077382e-11   50.26 0.10150544e-12 -170.30
       3333.3333  0.12249070e-14  -97.45 0.11445481e-11   47.54 0.87681350e-13 -164.75
       3416.6667  0.11293788e-14  -96.27 0.10912333e-11   45.26 0.75834609e-13 -159.23
       3500.0000  0.10420840e-14  -95.20 0.10446585e-11   43.42 0.65663035e-13 -153.72
       3583.3333  0.96234183e-15  -94.22 0.10026140e-11   41.96 0.56914668e-13 -148.22
       3666.6667  0.88952117e-15  -93.35 0.96359450e-12   40.85 0.49378577e-13 -142.74
       3750.0000  0.82303824e-15  -92.57 0.92660990e-12   40.04 0.42877525e-13 -137.27
       3833.3333  0.76235357e-15  -91.89 0.89103586e-12   39.48 0.37262077e-13 -131.81
       3916.6667  0.70696929e-15  -91.30 0.85650035e-12   39.13 0.32405850e-13 -126.35
       4000.0000  0.65642625e-15  -90.79 0.82280085e-12   38.96 0.28201645e-13 -120.90
       4083.3333  0.61030136e-15  -90.37 0.78984527e-12   38.93 0.24558304e-13 -115.45
       4166.6667  0.56820499e-15  -90.03 0.75761061e-12   39.01 0.21398121e-13 -110.01
       4250.0000  0.52977858e-15  -89.77 0.72611464e-12   39.18 0.18654717e-13 -104.57
       4333.3333  0.49469237e-15  -89.57 0.69539668e-12   39.42 0.16271274e-13  -99.14
       4416.6667  0.46264337e-15  -89.44 0.66550503e-12   39.72 0.14199071e-13  -93.70
       4500.0000  0.43335343e-15  -89.37 0.63648884e-12   40.05 0.12396263e-13  -88.27
       4583.3333  0.40656747e-15  -89.34 0.60839313e-12   40.41 0.10826853e-13  -82.83
       4666.6667  0.38205187e-15  -89.36 0.58125592e-12   40.78 0.94598345e-14  -77.39
       4750.0000  0.35959300e-15  -89.43 0.55510682e-12   41.16 0.82684643e-14  -71.95
       4833.3333  0.33899578e-15  -89.52 0.52996653e-12   41.55 0.72296498e-14  -66.51
       4916.6667  0.32008244e-15  -89.64 0.50584697e-12   41.92 0.63234285e-14  -61.06
       5000.0000  0.30269125e-15  -89.78 0.48275180e-12   42.29 0.55325270e-14  -55.61
