          0.0000  0.30054806e-10    1.11 0.30003076e-06  179.66 0.53109257e-08    0.25
        250.0000  0.90107052e-12   10.71 0.49983956e-08   10.61 0.11336610e-08    5.04
        500.0000  0.14502633e-12   25.35 0.99944397e-09   23.37 0.18742531e-09   14.48
        750.0000  0.31439684e-13   48.56 0.34048274e-09   35.91 0.55443116e-10   26.24
       1000.0000  0.76528088e-14  108.35 0.14405046e-09   47.85 0.20979512e-10   39.57
       1250.0000  0.65428501e-14  177.99 0.68616931e-10   58.82 0.91058325e-11   54.18
       1500.0000  0.64862854e-14 -156.52 0.35140890e-10   68.40 0.43373746e-11   69.94
       1750.0000  0.56095715e-14 -142.15 0.18838411e-10   76.12 0.22215793e-11   86.60
       2000.0000  0.45602754e-14 -131.44 0.10398701e-10   81.33 0.12087120e-11  103.85
       2250.0000  0.36064567e-14 -122.61 0.58712298e-11   83.12 0.69138661e-12  121.32
       2500.0000  0.28175800e-14 -115.09 0.34235308e-11   80.33 0.41160474e-12  138.74
       2750.0000  0.21913124e-14 -108.65 0.21387935e-11   72.30 0.25266524e-12  155.95
       3000.0000  0.17039596e-14 -103.22 0.15079090e-11   60.86 0.15867600e-12  172.91
       3250.0000  0.13287167e-14  -98.76 0.12082992e-11   50.35 0.10133272e-12 -170.36
       3500.0000  0.10415787e-14  -95.23 0.10445990e-11   43.51 0.65515361e-13 -153.82
       3750.0000  0.82270887e-15  -92.62 0.92617277e-12   40.13 0.42749582e-13 -137.41
       4000.0000  0.65625510e-15  -90.84 0.82217603e-12   39.03 0.28090458e-13 -121.10
       4250.0000  0.52973729e-15  -89.82 0.72542987e-12   39.24 0.18558562e-13 -104.84
       4500.0000  0.43340788e-15  -89.42 0.63582527e-12   40.09 0.12313932e-13  -88.60
       4750.0000  0.35970826e-15  -89.47 0.55451283e-12   41.19 0.81988537e-14  -72.36
       5000.0000  0.30283601e-15  -89.82 0.48225247e-12   42.30 0.54744606e-14  -56.10
       5250.0000  0.25839997e-15  -90.32 0.41914475e-12   43.29 0.36640192e-14  -39.79
       5500.0000  0.22313476e-15  -90.85 0.36475722e-12   44.08 0.24572819e-14  -23.44
       5750.0000  0.19465604e-15  -91.32 0.31832091e-12   44.67 0.16509605e-14   -7.00
       6000.0000  0.17124987e-15  -91.71 0.27890118e-12   45.06 0.11111112e-14    9.53
       6250.0000  0.15169657e-15  -91.99 0.24552263e-12   45.29 0.74907807e-15   26.17
       6500.0000  0.13513022e-15  -92.17 0.21725108e-12   45.38 0.50596109e-15   42.95
       6750.0000  0.12093193e-15  -92.28 0.19324116e-12   45.38 0.34250828e-15   59.89
       7000.0000  0.10865238e-15  -92.32 0.17275856e-12   45.33 0.23249565e-15   77.02
       7250.0000  0.97957757e-16  -92.32 0.15518448e-12   45.25 0.15836758e-15   94.33
       7500.0000  0.88593092e-16  -92.30 0.14000903e-12   45.16 0.10835276e-15  111.85
       7750.0000  0.80357962e-16  -92.26 0.12681851e-12   45.07 0.74548882e-16  129.57
       8000.0000  0.73090600e-16  -92.22 0.11528038e-12   45.00 0.51646789e-16  147.46
       8250.0000  0.66657551e-16  -92.18 0.10512827e-12   44.94 0.36078117e-16  165.48
       8500.0000  0.60946894e-16  -92.15 0.96148504e-13   44.90 0.25444735e-16 -176.46
       8750.0000  0.55863693e-16  -92.12 0.88168708e-13   44.87 0.18135950e-16 -158.44
       9000.0000  0.51326841e-16  -92.10 0.81048617e-13   44.85 0.13071154e-16 -140.60
       9250.0000  0.47266756e-16  -92.09 0.74672894e-13   44.84 0.95263804e-17 -123.04
       9500.0000  0.43623605e-16  -92.08 0.68945637e-13   44.83 0.70171475e-17 -105.90
       9750.0000  0.40345880e-16  -92.08 0.63786245e-13   44.82 0.52192400e-17  -89.26
      10000.0000  0.37389197e-16  -92.07 0.59126309e-13   44.82 0.39152169e-17  -73.20
      10250.0000  0.34715280e-16  -92.07 0.54907287e-13   44.82 0.29584748e-17  -57.78
      10500.0000  0.32291082e-16  -92.07 0.51078732e-13   44.82 0.22492937e-17  -43.01
      10750.0000  0.30088025e-16  -92.07 0.47596939e-13   44.82 0.17190147e-17  -28.91
      11000.0000  0.28081346e-16  -92.07 0.44423872e-13   44.81 0.13196697e-17  -15.46
      11250.0000  0.26249541e-16  -92.07 0.41526320e-13   44.81 0.10172141e-17   -2.65
      11500.0000  0.24573878e-16  -92.07 0.38875198e-13   44.81 0.78710737e-18    9.56
      11750.0000  0.23038003e-16  -92.07 0.36444972e-13   44.80 0.61140707e-18   21.19
      12000.0000  0.21627586e-16  -92.07 0.34213177e-13   44.80 0.47683566e-18   32.29
      12250.0000  0.20330040e-16  -92.06 0.32160003e-13   44.79 0.37347259e-18   42.90
      12500.0000  0.19134273e-16  -92.06 0.30267950e-13   44.79 0.29385217e-18   53.07
      12750.0000  0.18030484e-16  -92.06 0.28521523e-13   44.79 0.23232829e-18   62.86
      13000.0000  0.17009988e-16  -92.06 0.26906974e-13   44.78 0.18461803e-18   72.31
      13250.0000  0.16065068e-16  -92.06 0.25412081e-13   44.78 0.14746768e-18   81.50
      13500.0000  0.15188854e-16  -92.06 0.24025955e-13   44.77 0.11840439e-18   90.47
      13750.0000  0.14375212e-16  -92.06 0.22738873e-13   44.77 0.95549223e-19   99.28
      14000.0000  0.13618654e-16  -92.05 0.21542140e-13   44.77 0.77475040e-19  107.98
      14250.0000  0.12914261e-16  -92.05 0.20427959e-13   44.76 0.63097950e-19  116.62
      14500.0000  0.12257614e-16  -92.05 0.19389329e-13   44.76 0.51594183e-19  125.23
      14750.0000  0.11644736e-16  -92.05 0.18419950e-13   44.76 0.42336540e-19  133.84
      15000.0000  0.11072040e-16  -92.05 0.17514141e-13   44.76 0.34846012e-19  142.46
