          0.0000  0.30054806e-10    1.11 0.30003076e-06  179.66 0.53109257e-08    0.25
        250.0000  0.90106992e-12   10.71 0.49983940e-08   10.61 0.11336608e-08    5.04
        500.0000  0.14502537e-12   25.35 0.99944195e-09   23.37 0.18742499e-09   14.48
        750.0000  0.31438423e-13   48.56 0.34048078e-09   35.91 0.55442617e-10   26.24
       1000.0000  0.76513762e-14  108.35 0.14404898e-09   47.85 0.20978885e-10   39.57
       1250.0000  0.65422510e-14  178.00 0.68616175e-10   58.82 0.91051479e-11   54.18
       1500.0000  0.64858197e-14 -156.51 0.35140920e-10   68.40 0.43367041e-11   69.93
       1750.0000  0.56089930e-14 -142.15 0.18839161e-10   76.11 0.22209783e-11   86.60
       2000.0000  0.45595649e-14 -131.44 0.10400026e-10   81.32 0.12082093e-11  103.85
       2250.0000  0.36056620e-14 -122.61 0.58729383e-11   83.12 0.69098616e-12  121.31
       2500.0000  0.28167675e-14 -115.10 0.34253682e-11   80.34 0.41129371e-12  138.73
       2750.0000  0.21905460e-14 -108.67 0.21404148e-11   72.32 0.25242419e-12  155.94
       3000.0000  0.17032899e-14 -103.24 0.15089699e-11   60.91 0.15848610e-12  172.88
       3250.0000  0.13281768e-14  -98.78 0.12086962e-11   50.43 0.10117925e-12 -170.41
       3500.0000  0.10411837e-14  -95.26 0.10444821e-11   43.59 0.65388182e-13 -153.90
       3750.0000  0.82245735e-15  -92.65 0.92574857e-12   40.20 0.42642322e-13 -137.53
       4000.0000  0.65613233e-15  -90.89 0.82160612e-12   39.09 0.27999280e-13 -121.26
       4250.0000  0.52971910e-15  -89.87 0.72482236e-12   39.28 0.18481100e-13 -105.06
       4500.0000  0.43346522e-15  -89.46 0.63524776e-12   40.12 0.12248549e-13  -88.88
       4750.0000  0.35981176e-15  -89.51 0.55400430e-12   41.21 0.81442088e-14  -72.71
       5000.0000  0.30295977e-15  -89.85 0.48183167e-12   42.31 0.54293096e-14  -56.52
       5250.0000  0.25852401e-15  -90.34 0.41881621e-12   43.28 0.36271445e-14  -40.30
       5500.0000  0.22324589e-15  -90.86 0.36451576e-12   44.07 0.24274982e-14  -24.02
       5750.0000  0.19474732e-15  -91.33 0.31815535e-12   44.66 0.16271452e-14   -7.67
       6000.0000  0.17131925e-15  -91.70 0.27879736e-12   45.04 0.10922356e-14    8.77
       6250.0000  0.15174533e-15  -91.98 0.24546573e-12   45.27 0.73422981e-15   25.33
       6500.0000  0.13516149e-15  -92.16 0.21722731e-12   45.36 0.49435342e-15   42.03
       6750.0000  0.12094951e-15  -92.26 0.19323880e-12   45.37 0.33347958e-15   58.90
       7000.0000  0.10866006e-15  -92.31 0.17276840e-12   45.32 0.22550106e-15   75.96
       7250.0000  0.97958841e-16  -92.31 0.15519986e-12   45.24 0.15296616e-15   93.23
       7500.0000  0.88590220e-16  -92.29 0.14002553e-12   45.15 0.10419274e-15  110.72
       7750.0000  0.80353089e-16  -92.25 0.12683353e-12   45.07 0.71352765e-16  128.44
       8000.0000  0.73085062e-16  -92.22 0.11529265e-12   45.00 0.49197428e-16  146.37
       8250.0000  0.66652181e-16  -92.18 0.10513743e-12   44.94 0.34206431e-16  164.46
       8500.0000  0.60942142e-16  -92.15 0.96154714e-13   44.90 0.24019318e-16 -177.36
       8750.0000  0.55859745e-16  -92.12 0.88172426e-13   44.87 0.17054621e-16 -159.19
       9000.0000  0.51323713e-16  -92.10 0.81050392e-13   44.85 0.12254323e-16 -141.16
       9250.0000  0.47264367e-16  -92.09 0.74673263e-13   44.84 0.89119922e-17 -123.40
       9500.0000  0.43621834e-16  -92.08 0.68945065e-13   44.83 0.65568795e-17 -106.05
       9750.0000  0.40344593e-16  -92.08 0.63785100e-13   44.83 0.48756209e-17  -89.22
      10000.0000  0.37388271e-16  -92.07 0.59124865e-13   44.83 0.36593868e-17  -72.99
      10250.0000  0.34714611e-16  -92.07 0.54905732e-13   44.82 0.27683862e-17  -57.42
      10500.0000  0.32290588e-16  -92.07 0.51077188e-13   44.82 0.21082397e-17  -42.53
      10750.0000  0.30087646e-16  -92.07 0.47595474e-13   44.82 0.16144253e-17  -28.34
      11000.0000  0.28081041e-16  -92.07 0.44422522e-13   44.82 0.12421401e-17  -14.82
      11250.0000  0.26249279e-16  -92.07 0.41525095e-13   44.81 0.95973605e-18   -1.95
      11500.0000  0.24573643e-16  -92.07 0.38874096e-13   44.81 0.74447181e-18   10.29
      11750.0000  0.23037782e-16  -92.07 0.36443982e-13   44.80 0.57974877e-18   21.95
      12000.0000  0.21627375e-16  -92.07 0.34212287e-13   44.80 0.45328967e-18   33.08
      12250.0000  0.20329835e-16  -92.06 0.32159200e-13   44.80 0.35591731e-18   43.72
      12500.0000  0.19134074e-16  -92.06 0.30267221e-13   44.79 0.28071821e-18   53.92
      12750.0000  0.18030290e-16  -92.06 0.28520858e-13   44.79 0.22245649e-18   63.74
      13000.0000  0.17009799e-16  -92.06 0.26906363e-13   44.78 0.17715384e-18   73.24
      13250.0000  0.16064885e-16  -92.06 0.25411517e-13   44.78 0.14178262e-18   82.48
      13500.0000  0.15188677e-16  -92.06 0.24025431e-13   44.78 0.11403740e-18   91.50
      13750.0000  0.14375041e-16  -92.06 0.22738386e-13   44.77 0.92162830e-19  100.38
      14000.0000  0.13618489e-16  -92.05 0.21541684e-13   44.77 0.74822617e-19  109.14
      14250.0000  0.12914102e-16  -92.05 0.20427532e-13   44.77 0.60999294e-19  117.84
      14500.0000  0.12257462e-16  -92.05 0.19388928e-13   44.76 0.49917406e-19  126.51
      14750.0000  0.11644589e-16  -92.05 0.18419571e-13   44.76 0.40984720e-19  135.17
      15000.0000  0.11071899e-16  -92.05 0.17513782e-13   44.76 0.33747451e-19  143.84
