          0.0000  0.30054805e-10    1.11 0.30003076e-06  179.66 0.53109257e-08    0.25
        250.0000  0.90107096e-12   10.71 0.49983972e-08   10.61 0.11336614e-08    5.04
        500.0000  0.14502758e-12   25.35 0.99944678e-09   23.37 0.18742613e-09   14.48
        750.0000  0.31441658e-13   48.57 0.34048549e-09   35.91 0.55444397e-10   26.24
       1000.0000  0.76558049e-14  108.36 0.14405209e-09   47.86 0.20981147e-10   39.57
       1250.0000  0.65450236e-14  177.98 0.68616789e-10   58.83 0.91076480e-11   54.19
       1500.0000  0.64884199e-14 -156.52 0.35138786e-10   68.41 0.43391829e-11   69.95
       1750.0000  0.56120764e-14 -142.15 0.18834483e-10   76.13 0.22232309e-11   86.61
       2000.0000  0.45631349e-14 -131.43 0.10393289e-10   81.34 0.12101230e-11  103.86
       2250.0000  0.36095114e-14 -122.59 0.58648226e-11   83.13 0.69253940e-12  121.33
       2500.0000  0.28206295e-14 -115.06 0.34168328e-11   80.32 0.41252793e-12  138.76
       2750.0000  0.21941670e-14 -108.61 0.21328498e-11   72.22 0.25340710e-12  156.00
       3000.0000  0.17064666e-14 -103.16 0.15038387e-11   60.68 0.15928439e-12  173.01
       3250.0000  0.13307730e-14  -98.67 0.12064832e-11   50.10 0.10184518e-12 -170.20
       3500.0000  0.10431334e-14  -95.13 0.10445777e-11   43.24 0.65957024e-13 -153.56
       3750.0000  0.82376076e-15  -92.48 0.92727794e-12   39.87 0.43135376e-13 -137.03
       4000.0000  0.65684536e-15  -90.69 0.82387238e-12   38.81 0.28428523e-13 -120.57
       4250.0000  0.52993940e-15  -89.66 0.72734961e-12   39.06 0.18853342e-13 -104.14
       4500.0000  0.43331479e-15  -89.26 0.63772849e-12   39.95 0.12568367e-13  -87.72
       4750.0000  0.35941848e-15  -89.33 0.55625074e-12   41.10 0.84156412e-14  -71.28
       5000.0000  0.30244078e-15  -89.70 0.48374209e-12   42.25 0.56566128e-14  -54.82
       5250.0000  0.25797385e-15  -90.22 0.42035134e-12   43.28 0.38149652e-14  -38.32
       5500.0000  0.22273108e-15  -90.78 0.36568085e-12   44.11 0.25807401e-14  -21.77
       5750.0000  0.19430697e-15  -91.29 0.31898544e-12   44.72 0.17507302e-14   -5.16
       6000.0000  0.17096975e-15  -91.70 0.27934478e-12   45.13 0.11908713e-14   11.52
       6250.0000  0.15148676e-15  -92.00 0.24578985e-12   45.36 0.81223433e-15   28.30
       6500.0000  0.13498392e-15  -92.20 0.21738659e-12   45.46 0.55555151e-15   45.17
       6750.0000  0.12083819e-15  -92.31 0.19328545e-12   45.45 0.38116175e-15   62.16
       7000.0000  0.10859906e-15  -92.36 0.17274533e-12   45.39 0.26243094e-15   79.27
       7250.0000  0.97933395e-16  -92.36 0.15513972e-12   45.29 0.18141936e-15   96.50
       7500.0000  0.88587898e-16  -92.33 0.13995127e-12   45.19 0.12601293e-15  113.85
       7750.0000  0.80364218e-16  -92.29 0.12675984e-12   45.09 0.88014452e-16  131.30
       8000.0000  0.73102647e-16  -92.24 0.11522777e-12   45.01 0.61867985e-16  148.82
       8250.0000  0.66671541e-16  -92.20 0.10508496e-12   44.95 0.43803089e-16  166.36
       8500.0000  0.60960443e-16  -92.16 0.96115250e-13   44.90 0.31258786e-16 -176.13
       8750.0000  0.55875512e-16  -92.13 0.88144790e-13   44.86 0.22494599e-16 -158.74
       9000.0000  0.51336406e-16  -92.11 0.81032568e-13   44.84 0.16327167e-16 -141.54
       9250.0000  0.47274028e-16  -92.09 0.74663007e-13   44.83 0.11951482e-16 -124.63
       9500.0000  0.43628820e-16  -92.08 0.68940270e-13   44.82 0.88193213e-17 -108.07
       9750.0000  0.40349398e-16  -92.07 0.63783982e-13   44.82 0.65565453e-17  -91.94
      10000.0000  0.37391404e-16  -92.07 0.59126024e-13   44.82 0.49068791e-17  -76.30
      10250.0000  0.34716534e-16  -92.07 0.54908142e-13   44.82 0.36937948e-17  -61.18
      10500.0000  0.32291683e-16  -92.07 0.51080142e-13   44.81 0.27947644e-17  -46.61
      10750.0000  0.30088207e-16  -92.07 0.47598523e-13   44.81 0.21239322e-17  -32.61
      11000.0000  0.28081283e-16  -92.07 0.44425406e-13   44.81 0.16204867e-17  -19.18
      11250.0000  0.26249350e-16  -92.07 0.41527686e-13   44.81 0.12408608e-17   -6.32
      11500.0000  0.24573638e-16  -92.07 0.38876349e-13   44.81 0.95348694e-18    5.98
      11750.0000  0.23037760e-16  -92.07 0.36445906e-13   44.80 0.73524874e-18   17.75
      12000.0000  0.21627365e-16  -92.06 0.34213913e-13   44.80 0.56905996e-18   29.00
      12250.0000  0.20329852e-16  -92.06 0.32160573e-13   44.79 0.44219178e-18   39.76
      12500.0000  0.19134121e-16  -92.06 0.30268385e-13   44.79 0.34510216e-18   50.07
      12750.0000  0.18030365e-16  -92.06 0.28521852e-13   44.79 0.27060452e-18   59.97
      13000.0000  0.17009898e-16  -92.06 0.26907223e-13   44.78 0.21326897e-18   69.50
      13250.0000  0.16065002e-16  -92.06 0.25412269e-13   44.78 0.16898516e-18   78.72
      13500.0000  0.15188808e-16  -92.06 0.24026098e-13   44.77 0.13463917e-18   87.68
      13750.0000  0.14375181e-16  -92.06 0.22738983e-13   44.77 0.10787205e-18   96.43
      14000.0000  0.13618635e-16  -92.05 0.21542226e-13   44.77 0.86897788e-19  105.05
      14250.0000  0.12914251e-16  -92.05 0.20428027e-13   44.76 0.70365064e-19  113.56
      14500.0000  0.12257611e-16  -92.05 0.19389383e-13   44.76 0.57251822e-19  122.03
      14750.0000  0.11644738e-16  -92.05 0.18419994e-13   44.76 0.46784731e-19  130.48
      15000.0000  0.11072047e-16  -92.05 0.17514177e-13   44.76 0.38377780e-19  138.94
