          0.0000  0.30054806e-10    1.11 0.30003076e-06  179.66 0.53109257e-08    0.25
         83.3333  0.68847711e-11    3.17 0.44979207e-07    2.86 0.17421346e-07    0.84
        166.6667  0.20833227e-11    6.74 0.12257697e-07    6.31 0.30026637e-08    2.60
        250.0000  0.90106992e-12   10.71 0.49983940e-08   10.61 0.11336608e-08    5.04
        333.3333  0.45505696e-12   15.09 0.26230555e-08   14.88 0.55642455e-09    7.86
        416.6667  0.25042984e-12   19.93 0.15595923e-08   19.13 0.31003983e-09   11.02
        500.0000  0.14502537e-12   25.35 0.99944195e-09   23.37 0.18742499e-09   14.48
        583.3333  0.86425431e-13   31.58 0.67417741e-09   27.59 0.12003863e-09   18.19
        666.6667  0.52137239e-13   39.05 0.47222999e-09   31.77 0.80248208e-10   22.12
        750.0000  0.31438423e-13   48.56 0.34048078e-09   35.91 0.55442617e-10   26.24
        833.3333  0.18835844e-13   61.62 0.25117421e-09   39.97 0.39313229e-10   30.53
        916.6667  0.11421422e-13   80.86 0.18876289e-09   43.96 0.28469048e-10   34.97
       1000.0000  0.76513762e-14  108.35 0.14404898e-09   47.85 0.20978885e-10   39.57
       1083.3333  0.63960819e-14  138.66 0.11134525e-09   51.64 0.15689582e-10   44.30
       1166.6667  0.63398772e-14  162.21 0.87004689e-10   55.30 0.11884928e-10   49.18
       1250.0000  0.65422510e-14  178.00 0.68616175e-10   58.82 0.91051479e-11   54.18
       1333.3333  0.66619165e-14 -171.10 0.54543854e-10   62.19 0.70467135e-11   59.31
       1416.6667  0.66366697e-14 -162.98 0.43652938e-10   65.39 0.55044239e-11   64.57
       1500.0000  0.64858197e-14 -156.51 0.35140920e-10   68.40 0.43367041e-11   69.93
       1583.3333  0.62441613e-14 -151.09 0.28430607e-10   71.21 0.34441615e-11   75.40
       1666.6667  0.59435541e-14 -146.37 0.23100611e-10   73.78 0.27559647e-11   80.96
       1750.0000  0.56089930e-14 -142.15 0.18839161e-10   76.11 0.22209783e-11   86.60
       1833.3333  0.52588429e-14 -138.30 0.15412797e-10   78.17 0.18018680e-11   92.30
       1916.6667  0.49060773e-14 -134.75 0.12644790e-10   79.92 0.14711046e-11   98.06
       2000.0000  0.45595649e-14 -131.44 0.10400026e-10   81.32 0.12082093e-11  103.85
       2083.3333  0.42251479e-14 -128.33 0.85742688e-11   82.36 0.99782688e-12  109.66
       2166.6667  0.39064813e-14 -125.39 0.70864292e-11   82.97 0.82835919e-12  115.49
       2250.0000  0.36056620e-14 -122.61 0.58729383e-11   83.12 0.69098616e-12  121.31
       2333.3333  0.33236921e-14 -119.98 0.48835888e-11   82.76 0.57895639e-12  127.14
       2416.6667  0.30608166e-14 -117.47 0.40784236e-11   81.84 0.48706926e-12  132.94
       2500.0000  0.28167675e-14 -115.10 0.34253682e-11   80.34 0.41129371e-12  138.73
       2583.3333  0.25909391e-14 -112.84 0.28983938e-11   78.23 0.34848589e-12  144.49
       2666.6667  0.23825128e-14 -110.70 0.24760690e-11   75.53 0.29617870e-12  150.23
       2750.0000  0.21905460e-14 -108.67 0.21404148e-11   72.32 0.25242419e-12  155.94
       2833.3333  0.20140341e-14 -106.75 0.18760284e-11   68.70 0.21567483e-12  161.61
       2916.6667  0.18519532e-14 -104.94 0.16694787e-11   64.84 0.18469368e-12  167.26
       3000.0000  0.17032899e-14 -103.24 0.15089699e-11   60.91 0.15848610e-12  172.88
       3083.3333  0.15670596e-14 -101.65 0.13842305e-11   57.11 0.13624761e-12  178.48
       3166.6667  0.14423199e-14 -100.16 0.12865287e-11   53.58 0.11732375e-12 -175.95
       3250.0000  0.13281768e-14  -98.78 0.12086962e-11   50.43 0.10117925e-12 -170.41
       3333.3333  0.12237891e-14  -97.51 0.11450773e-11   47.71 0.87373976e-13 -164.89
       3416.6667  0.11283694e-14  -96.33 0.10913835e-11   45.44 0.75544255e-13 -159.38
       3500.0000  0.10411837e-14  -95.26 0.10444821e-11   43.59 0.65388182e-13 -153.90
       3583.3333  0.96154998e-15  -94.30 0.10021626e-11   42.13 0.56654039e-13 -148.43
       3666.6667  0.88883617e-15  -93.43 0.96291620e-12   41.02 0.49131105e-13 -142.97
       3750.0000  0.82245735e-15  -92.65 0.92574857e-12   40.20 0.42642322e-13 -137.53
       3833.3333  0.76187313e-15  -91.97 0.89003053e-12   39.63 0.37038406e-13 -132.10
       3916.6667  0.70658475e-15  -91.39 0.85538535e-12   39.28 0.32193091e-13 -126.68
       4000.0000  0.65613233e-15  -90.89 0.82160612e-12   39.09 0.27999280e-13 -121.26
       4083.3333  0.61009215e-15  -90.47 0.78859674e-12   39.05 0.24365891e-13 -115.86
       4166.6667  0.56807406e-15  -90.13 0.75633064e-12   39.12 0.21215276e-13 -110.46
       4250.0000  0.52971910e-15  -89.87 0.72482236e-12   39.28 0.18481100e-13 -105.06
       4333.3333  0.49469724e-15  -89.67 0.69410841e-12   39.52 0.16106575e-13  -99.66
       4416.6667  0.46270535e-15  -89.54 0.66423458e-12   39.80 0.14043002e-13  -94.27
       4500.0000  0.43346522e-15  -89.46 0.63524776e-12   40.12 0.12248549e-13  -88.88
       4583.3333  0.40672186e-15  -89.44 0.60719098e-12   40.47 0.10687224e-13  -83.49
       4666.6667  0.38224183e-15  -89.45 0.58010049e-12   40.84 0.93280255e-14  -78.10
       4750.0000  0.35981176e-15  -89.51 0.55400430e-12   41.21 0.81442088e-14  -72.71
       4833.3333  0.33923695e-15  -89.60 0.52892168e-12   41.58 0.71126794e-14  -67.32
       4916.6667  0.32034003e-15  -89.72 0.50486330e-12   41.95 0.62134719e-14  -61.92
       5000.0000  0.30295977e-15  -89.85 0.48183167e-12   42.31 0.54293096e-14  -56.52
