          0.0000  0.30054805e-10    1.11 0.30003076e-06  179.66 0.53109257e-08    0.25
        250.0000  0.90106992e-12   10.71 0.49983942e-08   10.61 0.11336610e-08    5.04
        500.0000  0.14502559e-12   25.35 0.99944249e-09   23.37 0.18742526e-09   14.48
        750.0000  0.31438826e-13   48.56 0.34048125e-09   35.91 0.55443048e-10   26.24
       1000.0000  0.76521495e-14  108.36 0.14404905e-09   47.85 0.20979429e-10   39.57
       1250.0000  0.65430205e-14  177.99 0.68615652e-10   58.82 0.91057436e-11   54.18
       1500.0000  0.64866514e-14 -156.51 0.35139768e-10   68.40 0.43372883e-11   69.94
       1750.0000  0.56099550e-14 -142.15 0.18837449e-10   76.12 0.22215031e-11   86.60
       2000.0000  0.45606258e-14 -131.44 0.10397889e-10   81.33 0.12086506e-11  103.85
       2250.0000  0.36067559e-14 -122.61 0.58705574e-11   83.12 0.69134167e-12  121.32
       2500.0000  0.28178228e-14 -115.08 0.34229990e-11   80.33 0.41157531e-12  138.75
       2750.0000  0.21915002e-14 -108.65 0.21384164e-11   72.29 0.25264874e-12  155.96
       3000.0000  0.17040973e-14 -103.22 0.15076938e-11   60.85 0.15866925e-12  172.93
       3250.0000  0.13288108e-14  -98.75 0.12082161e-11   50.34 0.10133269e-12 -170.33
       3500.0000  0.10416366e-14  -95.23 0.10445967e-11   43.50 0.65519487e-13 -153.79
       3750.0000  0.82273807e-15  -92.61 0.92621001e-12   40.12 0.42755928e-13 -137.37
       4000.0000  0.65626289e-15  -90.84 0.82222802e-12   39.03 0.28097658e-13 -121.05
       4250.0000  0.52973034e-15  -89.82 0.72548327e-12   39.23 0.18565731e-13 -104.78
       4500.0000  0.43339198e-15  -89.41 0.63587332e-12   40.09 0.12320550e-13  -88.53
       4750.0000  0.35968808e-15  -89.47 0.55455253e-12   41.19 0.82046604e-14  -72.29
       5000.0000  0.30281499e-15  -89.82 0.48228299e-12   42.30 0.54793704e-14  -56.02
       5250.0000  0.25838035e-15  -90.32 0.41916650e-12   43.29 0.36680529e-14  -39.71
       5500.0000  0.22311778e-15  -90.84 0.36477130e-12   44.09 0.24605189e-14  -23.35
       5750.0000  0.19464215e-15  -91.32 0.31832874e-12   44.68 0.16535073e-14   -6.92
       6000.0000  0.17123897e-15  -91.71 0.27890425e-12   45.07 0.11130803e-14    9.61
       6250.0000  0.15168830e-15  -91.99 0.24552232e-12   45.29 0.75057657e-15   26.26
       6500.0000  0.13512409e-15  -92.17 0.21724857e-12   45.39 0.50708436e-15   43.04
       6750.0000  0.12092744e-15  -92.28 0.19323740e-12   45.39 0.34333778e-15   59.98
       7000.0000  0.10864908e-15  -92.32 0.17275423e-12   45.33 0.23309879e-15   77.09
       7250.0000  0.97955290e-16  -92.32 0.15518004e-12   45.25 0.15879884e-15   94.40
       7500.0000  0.88591186e-16  -92.30 0.14000476e-12   45.16 0.10865535e-15  111.91
       7750.0000  0.80356421e-16  -92.26 0.12681456e-12   45.07 0.74756565e-16  129.62
       8000.0000  0.73089293e-16  -92.22 0.11527681e-12   45.00 0.51785585e-16  147.50
       8250.0000  0.66656396e-16  -92.18 0.10512508e-12   44.94 0.36167834e-16  165.50
       8500.0000  0.60945843e-16  -92.15 0.96145655e-13   44.90 0.25500250e-16 -176.44
       8750.0000  0.55862719e-16  -92.12 0.88166155e-13   44.87 0.18168262e-16 -158.43
       9000.0000  0.51325932e-16  -92.10 0.81046312e-13   44.85 0.13088231e-16 -140.58
       9250.0000  0.47265907e-16  -92.09 0.74670795e-13   44.84 0.95338523e-17 -123.02
       9500.0000  0.43622814e-16  -92.08 0.68943710e-13   44.83 0.70188717e-17 -105.85
       9750.0000  0.40345146e-16  -92.08 0.63784462e-13   44.83 0.52177628e-17  -89.19
      10000.0000  0.37388518e-16  -92.07 0.59124650e-13   44.82 0.39121494e-17  -73.11
      10250.0000  0.34714654e-16  -92.07 0.54905737e-13   44.82 0.29547860e-17  -57.65
      10500.0000  0.32290505e-16  -92.07 0.51077282e-13   44.82 0.22455310e-17  -42.85
      10750.0000  0.30087493e-16  -92.07 0.47595579e-13   44.82 0.17154608e-17  -28.71
      11000.0000  0.28080857e-16  -92.07 0.44422598e-13   44.82 0.13164497e-17  -15.22
      11250.0000  0.26249088e-16  -92.07 0.41525125e-13   44.81 0.10143646e-17   -2.38
      11500.0000  0.24573459e-16  -92.07 0.38874078e-13   44.81 0.78461920e-18    9.87
      11750.0000  0.23037613e-16  -92.07 0.36443923e-13   44.80 0.60925022e-18   21.53
      12000.0000  0.21627222e-16  -92.07 0.34212194e-13   44.80 0.47497318e-18   32.66
      12250.0000  0.20329699e-16  -92.06 0.32159082e-13   44.80 0.37186759e-18   43.30
      12500.0000  0.19133953e-16  -92.06 0.30267087e-13   44.79 0.29247090e-18   53.49
      12750.0000  0.18030183e-16  -92.06 0.28520713e-13   44.79 0.23114115e-18   63.30
      13000.0000  0.17009703e-16  -92.06 0.26906214e-13   44.78 0.18359943e-18   72.77
      13250.0000  0.16064799e-16  -92.06 0.25411366e-13   44.78 0.14659558e-18   81.97
      13500.0000  0.15188599e-16  -92.06 0.24025282e-13   44.78 0.11765967e-18   90.94
      13750.0000  0.14374970e-16  -92.06 0.22738239e-13   44.77 0.94915162e-19   99.76
      14000.0000  0.13618424e-16  -92.05 0.21541541e-13   44.77 0.76936893e-19  108.47
      14250.0000  0.12914043e-16  -92.05 0.20427394e-13   44.77 0.62642647e-19  117.10
      14500.0000  0.12257407e-16  -92.05 0.19388794e-13   44.76 0.51210140e-19  125.71
      14750.0000  0.11644538e-16  -92.05 0.18419442e-13   44.76 0.42013506e-19  134.31
      15000.0000  0.11071852e-16  -92.05 0.17513659e-13   44.76 0.34574965e-19  142.93
