          0.0000  0.36319650e-12 -179.45 0.17537254e-07    0.32 0.17330800e-06    0.55
        166.6667  0.10647584e-11 -176.69 0.29472733e-08    3.00 0.19376952e-08 -179.99
        333.3333  0.18304636e-12 -171.53 0.21469287e-09 -173.70 0.22840259e-09 -178.47
        500.0000  0.58468621e-13 -164.86 0.98321334e-10 -167.00 0.54468191e-10 -176.04
        666.6667  0.24577115e-13 -157.18 0.44297485e-10 -159.36 0.19356708e-10 -172.05
        833.3333  0.11938780e-13 -148.75 0.22125511e-10 -150.95 0.84716386e-11 -166.72
       1000.0000  0.63408195e-14 -139.70 0.11927861e-10 -141.92 0.41946380e-11 -160.38
       1166.6667  0.35812739e-14 -130.08 0.68003400e-11 -132.31 0.22507545e-11 -153.24
       1333.3333  0.21187435e-14 -119.93 0.40500291e-11 -122.18 0.12777921e-11 -145.46
       1500.0000  0.13016880e-14 -109.31 0.25010985e-11 -111.56 0.75694029e-12 -137.10
       1666.6667  0.82604140e-15  -98.27 0.15939721e-11 -100.54 0.46406310e-12 -128.20
       1833.3333  0.53941578e-15  -86.92 0.10446703e-11  -89.21 0.29298836e-12 -118.79
       2000.0000  0.36132146e-15  -75.36 0.70192559e-12  -77.69 0.18987797e-12 -108.94
       2166.6667  0.24751088e-15  -63.71 0.48207651e-12  -66.08 0.12600620e-12  -98.69
       2333.3333  0.17286779e-15  -52.04 0.33740921e-12  -54.46 0.85439807e-13  -88.14
       2500.0000  0.12273685e-15  -40.43 0.23996899e-12  -42.89 0.59066076e-13  -77.37
       2666.6667  0.88345617e-16  -28.91 0.17295908e-12  -31.42 0.41538737e-13  -66.45
       2833.3333  0.64310687e-16  -17.51 0.12603409e-12  -20.07 0.29649838e-13  -55.46
       3000.0000  0.47245725e-16   -6.23 0.92663535e-13   -8.82 0.21433424e-13  -44.45
       3166.6667  0.34968099e-16    4.94 0.68624372e-13    2.32 0.15659485e-13  -33.44
       3333.3333  0.26037747e-16   16.02 0.51122012e-13   13.37 0.11542363e-13  -22.46
       3500.0000  0.19483683e-16   27.02 0.38267267e-13   24.35 0.85697587e-14  -11.52
       3666.6667  0.14638282e-16   37.95 0.28758346e-13   35.26 0.64008057e-14   -0.61
       3833.3333  0.11034584e-16   48.83 0.21683113e-13   46.12 0.48042949e-14   10.26
       4000.0000  0.83411672e-17   59.67 0.16393262e-13   56.95 0.36205819e-14   21.10
       4166.6667  0.63198891e-17   70.48 0.12422437e-13   67.76 0.27376577e-14   31.91
       4333.3333  0.47978668e-17   81.27 0.94317810e-14   78.55 0.20758225e-14   42.71
       4500.0000  0.36485170e-17   92.06 0.71730212e-14   89.33 0.15776760e-14   53.50
       4666.6667  0.27784982e-17  102.84 0.54629863e-14  100.10 0.12014516e-14   64.27
       4833.3333  0.21185741e-17  113.62 0.41657527e-14  110.89 0.91649467e-15   75.05
       5000.0000  0.16171341e-17  124.42 0.31799664e-14  121.68 0.70014353e-15   85.83
       5166.6667  0.12355457e-17  135.23 0.24297403e-14  132.49 0.53554387e-15   96.62
       5333.3333  0.94478838e-18  146.06 0.18580568e-14  143.32 0.41009719e-15  107.41
       5500.0000  0.72299598e-18  156.92 0.14219471e-14  154.18 0.31434616e-15  118.22
       5666.6667  0.55364987e-18  167.81 0.10889463e-14  165.07 0.24116601e-15  129.05
       5833.3333  0.42424293e-18  178.73 0.83447059e-15  176.00 0.18517287e-15  139.89
       6000.0000  0.32528677e-18 -170.29 0.63986795e-15 -173.02 0.14228780e-15  150.76
       6166.6667  0.24957082e-18 -159.27 0.49096284e-15 -162.00 0.10941358e-15  161.66
       6333.3333  0.19160731e-18 -148.18 0.37696592e-15 -150.91 0.84193906e-16  172.59
       6500.0000  0.14721425e-18 -137.03 0.28965463e-15 -139.75 0.64833126e-16 -176.45
       6666.6667  0.11320113e-18 -125.81 0.22275557e-15 -128.53 0.49960855e-16 -165.45
       6833.3333  0.87131534e-19 -114.50 0.17147784e-15 -117.22 0.38529926e-16 -154.41
       7000.0000  0.67143300e-19 -103.11 0.13215968e-15 -105.82 0.29739272e-16 -143.33
       7166.6667  0.51812215e-19  -91.62 0.10200042e-15  -94.33 0.22975496e-16 -132.19
       7333.3333  0.40048363e-19  -80.04 0.78856742e-16  -82.74 0.17768514e-16 -121.01
       7500.0000  0.31017267e-19  -68.35 0.61087621e-16  -71.05 0.13757807e-16 -109.77
       7666.6667  0.24079789e-19  -56.56 0.47436156e-16  -59.27 0.10666716e-16  -98.48
       7833.3333  0.18746278e-19  -44.68 0.36939424e-16  -47.38 0.82828182e-17  -87.14
       8000.0000  0.14641560e-19  -32.70 0.28859620e-16  -35.41 0.64429418e-17  -75.75
       8166.6667  0.11478170e-19  -20.66 0.22631430e-16  -23.37 0.50216997e-17  -64.31
       8333.3333  0.90358780e-20   -8.55 0.17821771e-16  -11.27 0.39227113e-17  -52.82
       8500.0000  0.71460231e-20    3.58 0.14098968e-16    0.85 0.30718746e-17  -41.31
       8666.6667  0.56795014e-20   15.71 0.11209144e-16   12.96 0.24122077e-17  -29.78
       8833.3333  0.45375608e-20   27.79 0.89581083e-17   25.03 0.18998879e-17  -18.24
       9000.0000  0.36447321e-20   39.80 0.71974528e-17   37.01 0.15012113e-17   -6.71
       9166.6667  0.29433952e-20   51.69 0.58138660e-17   48.88 0.11902550e-17    4.78
       9333.3333  0.23895975e-20   63.41 0.47209060e-17   60.58 0.94708104e-18   16.22
       9500.0000  0.19498331e-20   74.94 0.38526661e-17   72.07 0.75635327e-18   27.57
       9666.6667  0.15985622e-20   86.23 0.31588977e-17   83.34 0.60627398e-18   38.81
       9833.3333  0.13163037e-20   97.27 0.26012599e-17   94.35 0.48776478e-18   49.93
      10000.0000  0.10881723e-20  108.03 0.21504443e-17  105.08 0.39383608e-18   60.88
