          0.0000  0.36319650e-12 -179.45 0.17537254e-07    0.32 0.17330800e-06    0.55
         83.3333  0.38231822e-11 -178.52 0.49022479e-07    1.12 0.40531681e-08  177.35
        166.6667  0.10647584e-11 -176.69 0.29472732e-08    3.00 0.19376951e-08 -179.99
        250.0000  0.39438333e-12 -174.34 0.68745005e-10  178.59 0.60397515e-09 -179.21
        333.3333  0.18304648e-12 -171.53 0.21469311e-09 -173.70 0.22840247e-09 -178.47
        416.6667  0.98575667e-13 -168.34 0.15100322e-09 -170.46 0.10410999e-09 -177.45
        500.0000  0.58468803e-13 -164.86 0.98321714e-10 -167.00 0.54468085e-10 -176.04
        583.3333  0.37028798e-13 -161.13 0.65073907e-10 -163.28 0.31376739e-10 -174.23
        666.6667  0.24577366e-13 -157.18 0.44298003e-10 -159.36 0.19356621e-10 -172.05
        750.0000  0.16897078e-13 -153.05 0.30957979e-10 -155.24 0.12560718e-10 -169.53
        833.3333  0.11939091e-13 -148.75 0.22126150e-10 -150.95 0.84715742e-11 -166.72
        916.6667  0.86229105e-14 -144.30 0.16115951e-10 -146.51 0.58892411e-11 -163.66
       1000.0000  0.63411770e-14 -139.70 0.11928591e-10 -141.92 0.41945982e-11 -160.38
       1083.3333  0.47346180e-14 -134.96 0.89525010e-11 -137.18 0.30473932e-11 -156.90
       1166.6667  0.35816601e-14 -130.08 0.68011252e-11 -132.31 0.22507404e-11 -153.25
       1250.0000  0.27408325e-14 -125.07 0.52230947e-11 -127.31 0.16857104e-11 -149.43
       1333.3333  0.21191394e-14 -119.93 0.40508306e-11 -122.17 0.12778024e-11 -145.47
       1416.6667  0.16539240e-14 -114.67 0.31701725e-11 -116.92 0.97887385e-12 -141.35
       1500.0000  0.13020760e-14 -109.30 0.25018809e-11 -111.55 0.75697219e-12 -137.11
       1583.3333  0.10333972e-14 -103.83 0.19900565e-11 -106.09 0.59039647e-12 -132.72
       1666.6667  0.82640693e-15  -98.27 0.15947070e-11 -100.53 0.46411224e-12 -128.21
       1750.0000  0.66562099e-15  -92.62 0.12868685e-11  -94.90 0.36752329e-12 -123.56
       1833.3333  0.53974884e-15  -86.91 0.10453382e-11  -89.21 0.29304973e-12 -118.80
       1916.6667  0.44047422e-15  -81.15 0.85444695e-12  -83.46 0.23519909e-12 -113.93
       2000.0000  0.36161667e-15  -75.36 0.70251642e-12  -77.68 0.18994658e-12 -108.95
       2083.3333  0.29854584e-15  -69.53 0.58077534e-12  -71.88 0.15431383e-12 -103.87
       2166.6667  0.24776708e-15  -63.70 0.48258869e-12  -66.07 0.12607760e-12  -98.71
       2250.0000  0.20662465e-15  -57.86 0.40290366e-12  -60.25 0.10356542e-12  -93.47
       2333.3333  0.17308705e-15  -52.03 0.33784741e-12  -54.45 0.85510383e-13  -88.16
       2416.6667  0.14559041e-15  -46.21 0.28443284e-12  -48.65 0.70946586e-13  -82.80
       2500.0000  0.12292327e-15  -40.41 0.24034169e-12  -42.88 0.59133246e-13  -77.39
       2583.3333  0.10414138e-15  -34.63 0.20376366e-12  -37.12 0.49499025e-13  -71.95
       2666.6667  0.88504161e-16  -28.88 0.17327636e-12  -31.40 0.41600888e-13  -66.49
       2750.0000  0.75427173e-16  -23.16 0.14775527e-12  -25.70 0.35093477e-13  -61.00
       2833.3333  0.64446355e-16  -17.47 0.12630595e-12  -20.02 0.29706182e-13  -55.50
       2916.6667  0.55190962e-16  -11.80 0.10821258e-12  -14.38 0.25225867e-13  -50.00
       3000.0000  0.47363005e-16   -6.16 0.92898887e-13   -8.75 0.21483793e-13  -44.49
       3083.3333  0.40721557e-16   -0.55 0.79898216e-13   -3.16 0.18345681e-13  -38.99
       3166.6667  0.35070708e-16    5.04 0.68830551e-13    2.42 0.15704117e-13  -33.48
       3250.0000  0.30250272e-16   10.61 0.59384740e-13    7.97 0.13472732e-13  -27.99
       3333.3333  0.26128582e-16   16.15 0.51304708e-13   13.51 0.11581723e-13  -22.50
       3416.6667  0.22596877e-16   21.68 0.44378674e-13   19.02 0.99743799e-14  -17.02
       3500.0000  0.19564892e-16   27.20 0.38430689e-13   24.53 0.86044066e-14  -11.55
       3583.3333  0.16957389e-16   32.69 0.33313953e-13   30.02 0.74338191e-14   -6.09
       3666.6667  0.14711398e-16   38.18 0.28905498e-13   35.49 0.64313075e-14   -0.63
       3750.0000  0.12774023e-16   43.65 0.25101944e-13   40.96 0.55709457e-14    4.81
       3833.3333  0.11100675e-16   49.12 0.21816090e-13   46.42 0.48311733e-14   10.26
       3916.6667  0.96536503e-17   54.58 0.18974152e-13   51.87 0.41939869e-14   15.69
       4000.0000  0.84009745e-17   60.03 0.16513528e-13   57.32 0.36442955e-14   21.12
       4083.3333  0.73154622e-17   65.48 0.14380963e-13   62.76 0.31694039e-14   26.55
       4166.6667  0.63739428e-17   70.92 0.12531048e-13   68.20 0.27585966e-14   31.97
       4250.0000  0.55566254e-17   76.36 0.10924985e-13   73.64 0.24028011e-14   37.39
       4333.3333  0.48465719e-17   81.80 0.95295562e-14   79.07 0.20943143e-14   42.81
       4416.6667  0.42292593e-17   87.23 0.83162719e-14   84.51 0.18265781e-14   48.23
       4500.0000  0.36922148e-17   92.67 0.72606584e-14   89.94 0.15939960e-14   53.64
       4583.3333  0.32247101e-17   98.11 0.63416599e-14   95.38 0.13917819e-14   59.06
       4666.6667  0.28175047e-17  103.55 0.55411366e-14  100.81 0.12158337e-14   64.48
       4750.0000  0.24626290e-17  108.99 0.48434412e-14  106.25 0.10626297e-14   69.89
       4833.3333  0.21532016e-17  114.43 0.42350608e-14  111.70 0.92914102e-15   75.31
       4916.6667  0.18832745e-17  119.88 0.37043128e-14  117.14 0.81275874e-15   80.73
       5000.0000  0.16477007e-17  125.33 0.32410875e-14  122.59 0.71123238e-15   86.16
