          0.0000  0.36319650e-12 -179.45 0.17537254e-07    0.32 0.17330800e-06    0.55
        250.0000  0.39438326e-12 -174.34 0.68744881e-10  178.59 0.60397526e-09 -179.21
        500.0000  0.58468651e-13 -164.86 0.98321395e-10 -167.00 0.54468169e-10 -176.04
        750.0000  0.16896840e-13 -153.05 0.30957487e-10 -155.24 0.12560776e-10 -169.53
       1000.0000  0.63408741e-14 -139.70 0.11927971e-10 -141.92 0.41946248e-11 -160.38
       1250.0000  0.27404985e-14 -125.07 0.52224153e-11 -127.31 0.16857037e-11 -149.43
       1500.0000  0.13017461e-14 -109.31 0.25012139e-11 -111.56 0.75693644e-12 -137.10
       1750.0000  0.66532264e-15  -92.63 0.12862679e-11  -94.91 0.36746704e-12 -123.56
       2000.0000  0.36136430e-15  -75.37 0.70200989e-12  -77.69 0.18987986e-12 -108.94
       2250.0000  0.20642029e-15  -57.88 0.40249391e-12  -60.27 0.10349704e-12  -93.45
       2500.0000  0.12276071e-15  -40.44 0.24001557e-12  -42.90 0.59069284e-13  -77.37
       2750.0000  0.75297086e-16  -23.21 0.14749385e-12  -25.75 0.35037070e-13  -60.97
       3000.0000  0.47256545e-16   -6.25 0.92684540e-13   -8.84 0.21435774e-13  -44.46
       3250.0000  0.30160739e-16   10.47 0.59204241e-13    7.83 0.13432578e-13  -27.96
       3500.0000  0.19487922e-16   26.99 0.38275471e-13   24.32 0.85710321e-14  -11.54
       3750.0000  0.12707079e-16   43.36 0.24967028e-13   40.66 0.55432001e-14    4.80
       4000.0000  0.83426729e-17   59.63 0.16396177e-13   56.92 0.36211819e-14   21.07
       4250.0000  0.55061748e-17   75.84 0.10823599e-13   73.12 0.23835285e-14   37.28
       4500.0000  0.36490403e-17   92.02 0.71740422e-14   89.29 0.15779521e-14   53.46
       4750.0000  0.24261727e-17  108.19 0.47704258e-14  105.46 0.10493313e-14   69.62
       5000.0000  0.16173457e-17  124.38 0.31803874e-14  121.65 0.70028189e-15   85.79
       5250.0000  0.10804768e-17  140.61 0.21248570e-14  137.87 0.46868393e-15  101.97
       5500.0000  0.72311855e-18  156.89 0.14221956e-14  154.15 0.31442669e-15  118.18
       5750.0000  0.48471425e-18  173.25 0.95339460e-15  170.51 0.21136709e-15  134.43
       6000.0000  0.32538346e-18 -170.30 0.64006477e-15 -173.03 0.14234122e-15  150.73
       6250.0000  0.21874802e-18 -153.73 0.43035002e-15 -156.46 0.96015368e-16  167.09
       6500.0000  0.14729889e-18 -137.02 0.28982618e-15 -139.74 0.64871183e-16 -176.47
       6750.0000  0.99380759e-19 -120.14 0.19557612e-15 -122.85 0.43902777e-16 -159.95
       7000.0000  0.67217068e-19 -103.07 0.13230834e-15 -105.78 0.29767059e-16 -143.33
       7250.0000  0.45609711e-19  -85.78 0.89801045e-16  -88.49 0.20225937e-16 -126.61
       7500.0000  0.31079203e-19  -68.27 0.61211811e-16  -70.98 0.13778095e-16 -109.77
       7750.0000  0.21294079e-19  -50.54 0.41955703e-16  -53.24 0.94148324e-17  -92.80
       8000.0000  0.14691101e-19  -32.60 0.28958521e-16  -35.31 0.64575616e-17  -75.73
       8250.0000  0.10221874e-19  -14.50 0.20158544e-16  -17.22 0.44493232e-17  -58.54
       8500.0000  0.71834615e-20    3.68 0.14173427e-16    0.95 0.30821753e-17  -41.28
       8750.0000  0.51049448e-20   21.84 0.10077116e-16   19.08 0.21484934e-17  -23.98
       9000.0000  0.36713068e-20   39.86 0.72501381e-17   37.07 0.15082483e-17   -6.70
       9250.0000  0.26722331e-20   57.59 0.52789004e-17   54.76 0.10669854e-17   10.51
       9500.0000  0.19675813e-20   74.91 0.38877668e-17   72.04 0.76098627e-18   27.54
       9750.0000  0.14640538e-20   91.70 0.28931821e-17   88.79 0.54725765e-18   44.33
      10000.0000  0.10994559e-20  107.89 0.21727227e-17  104.93 0.39677171e-18   60.79
      10250.0000  0.83212944e-21  123.41 0.16443313e-17  120.41 0.28990071e-18   76.82
      10500.0000  0.63392401e-21  138.25 0.12525109e-17  135.21 0.21333628e-18   92.38
      10750.0000  0.48557312e-21  152.40 0.95924294e-18  149.32 0.15801458e-18  107.39
      11000.0000  0.37368173e-21  165.88 0.73807155e-18  162.76 0.11772327e-18  121.81
      11250.0000  0.28877575e-21  178.70 0.57027033e-18  175.55 0.88169375e-19  135.63
      11500.0000  0.22403943e-21 -169.09 0.44235942e-18 -172.27 0.66357459e-19  148.82
      11750.0000  0.17449301e-21 -157.46 0.34448634e-18 -160.67 0.50175145e-19  161.38
      12000.0000  0.13645019e-21 -146.36 0.26935649e-18 -149.60 0.38116601e-19  173.31
      12250.0000  0.10715384e-21 -135.75 0.21151394e-18 -139.02 0.29097147e-19 -175.35
      12500.0000  0.84525998e-22 -125.57 0.16684740e-18 -128.86 0.22328107e-19 -164.60
      12750.0000  0.66992510e-22 -115.76 0.13224315e-18 -119.09 0.17231424e-19 -154.39
      13000.0000  0.53357120e-22 -106.28 0.10533582e-18 -109.62 0.13380707e-19 -144.67
      13250.0000  0.42709353e-22  -97.06 0.84325784e-19 -100.42 0.10459963e-19 -135.37
      13500.0000  0.34355898e-22  -88.04 0.67843309e-19  -91.42 0.82343464e-20 -126.44
      13750.0000  0.27768870e-22  -79.18 0.54845913e-19  -82.56 0.65290694e-20 -117.80
      14000.0000  0.22546406e-22  -70.41 0.44540333e-19  -73.81 0.52140632e-20 -109.36
      14250.0000  0.18382507e-22  -61.72 0.36322792e-19  -65.13 0.41926078e-20 -101.06
      14500.0000  0.15043944e-22  -53.05 0.29733236e-19  -56.47 0.33928787e-20  -92.84
      14750.0000  0.12352573e-22  -44.38 0.24420356e-19  -47.81 0.27615697e-20  -84.63
      15000.0000  0.10171867e-22  -35.71 0.20114950e-19  -39.14 0.22591157e-20  -76.39
