          0.0000  0.36319650e-12 -179.45 0.17537254e-07    0.32 0.17330800e-06    0.55
        166.6667  0.10647584e-11 -176.69 0.29472732e-08    3.00 0.19376951e-08 -179.99
        333.3333  0.18304648e-12 -171.53 0.21469311e-09 -173.70 0.22840247e-09 -178.47
        500.0000  0.58468803e-13 -164.86 0.98321714e-10 -167.00 0.54468085e-10 -176.04
        666.6667  0.24577366e-13 -157.18 0.44298003e-10 -159.36 0.19356621e-10 -172.05
        833.3333  0.11939091e-13 -148.75 0.22126150e-10 -150.95 0.84715742e-11 -166.72
       1000.0000  0.63411770e-14 -139.70 0.11928591e-10 -141.92 0.41945982e-11 -160.38
       1166.6667  0.35816601e-14 -130.08 0.68011252e-11 -132.31 0.22507404e-11 -153.25
       1333.3333  0.21191394e-14 -119.93 0.40508306e-11 -122.17 0.12778024e-11 -145.47
       1500.0000  0.13020760e-14 -109.30 0.25018809e-11 -111.55 0.75697219e-12 -137.11
       1666.6667  0.82640693e-15  -98.27 0.15947070e-11 -100.53 0.46411224e-12 -128.21
       1833.3333  0.53974884e-15  -86.91 0.10453382e-11  -89.21 0.29304973e-12 -118.80
       2000.0000  0.36161667e-15  -75.36 0.70251642e-12  -77.68 0.18994658e-12 -108.95
       2166.6667  0.24776708e-15  -63.70 0.48258869e-12  -66.07 0.12607760e-12  -98.71
       2333.3333  0.17308705e-15  -52.03 0.33784741e-12  -54.45 0.85510383e-13  -88.16
       2500.0000  0.12292327e-15  -40.41 0.24034169e-12  -42.88 0.59133246e-13  -77.39
       2666.6667  0.88504161e-16  -28.88 0.17327636e-12  -31.40 0.41600888e-13  -66.49
       2833.3333  0.64446355e-16  -17.47 0.12630595e-12  -20.02 0.29706182e-13  -55.50
       3000.0000  0.47363005e-16   -6.16 0.92898887e-13   -8.75 0.21483793e-13  -44.49
       3166.6667  0.35070708e-16    5.04 0.68830551e-13    2.42 0.15704117e-13  -33.48
       3333.3333  0.26128582e-16   16.15 0.51304708e-13   13.51 0.11581723e-13  -22.50
       3500.0000  0.19564892e-16   27.20 0.38430689e-13   24.53 0.86044066e-14  -11.55
       3666.6667  0.14711398e-16   38.18 0.28905498e-13   35.49 0.64313075e-14   -0.63
       3833.3333  0.11100675e-16   49.12 0.21816090e-13   46.42 0.48311733e-14   10.26
       4000.0000  0.84009745e-17   60.03 0.16513528e-13   57.32 0.36442955e-14   21.12
       4166.6667  0.63739428e-17   70.92 0.12531048e-13   68.20 0.27585966e-14   31.97
       4333.3333  0.48465719e-17   81.80 0.95295562e-14   79.07 0.20943143e-14   42.81
       4500.0000  0.36922148e-17   92.67 0.72606584e-14   89.94 0.15939960e-14   53.64
       4666.6667  0.28175047e-17  103.55 0.55411366e-14  100.81 0.12158337e-14   64.48
       4833.3333  0.21532016e-17  114.43 0.42350608e-14  111.70 0.92914102e-15   75.31
       5000.0000  0.16477007e-17  125.33 0.32410875e-14  122.59 0.71123238e-15   86.16
       5166.6667  0.12623765e-17  136.24 0.24833421e-14  133.51 0.54523531e-15   97.01
       5333.3333  0.96821230e-18  147.18 0.19048121e-14  144.44 0.41853703e-15  107.88
       5500.0000  0.74334048e-18  158.15 0.14625230e-14  155.41 0.32166844e-15  118.77
       5666.6667  0.57123482e-18  169.15 0.11239922e-14  166.41 0.24749438e-15  129.68
       5833.3333  0.43937515e-18 -179.81 0.86460741e-15  177.45 0.19062138e-15  140.60
       6000.0000  0.33825554e-18 -168.73 0.66567958e-15 -171.47 0.14696128e-15  151.55
       6166.6667  0.26064463e-18 -157.60 0.51298993e-15 -160.34 0.11340788e-15  162.53
       6333.3333  0.20103188e-18 -146.42 0.39570224e-15 -149.15 0.87596048e-16  173.54
       6500.0000  0.15521164e-18 -135.17 0.30554564e-15 -137.90 0.67721555e-16 -175.42
       6666.6667  0.11996980e-18 -123.86 0.23619873e-15 -126.59 0.52405747e-16 -164.35
       6833.3333  0.92847072e-19 -112.48 0.18282436e-15 -115.21 0.40593594e-16 -153.24
       7000.0000  0.71959729e-19 -101.03 0.14171729e-15 -103.75 0.31476648e-16 -142.09
       7166.6667  0.55863603e-19  -89.50 0.11003670e-15  -92.22 0.24434682e-16 -130.90
       7333.3333  0.43450632e-19  -77.89 0.85602839e-16  -80.61 0.18991362e-16 -119.67
       7500.0000  0.33870076e-19  -66.20 0.66742113e-16  -68.92 0.14780524e-16 -108.40
       7666.6667  0.26468403e-19  -54.43 0.52168830e-16  -57.16 0.11520454e-16  -97.09
       7833.3333  0.20743365e-19  -42.61 0.40894899e-16  -45.34 0.89942568e-17  -85.74
       8000.0000  0.16308861e-19  -30.72 0.32160710e-16  -33.46 0.70348291e-17  -74.35
       8166.6667  0.12868024e-19  -18.80 0.25382210e-16  -21.54 0.55133600e-17  -62.94
       8333.3333  0.10192595e-19   -6.86 0.20110309e-16   -9.61 0.43305054e-17  -51.50
       8500.0000  0.81070805e-20    5.07 0.15999730e-16    2.31 0.34096152e-17  -40.05
       8666.6667  0.64765852e-20   16.97 0.12785065e-16   14.19 0.26915274e-17  -28.60
       8833.3333  0.51974545e-20   28.81 0.10262366e-16   26.01 0.21305632e-17  -17.17
       9000.0000  0.41900659e-20   40.54 0.82749583e-17   37.73 0.16914434e-17   -5.77
       9166.6667  0.33932746e-20   52.15 0.67025165e-17   49.31 0.13469136e-17    5.58
       9333.3333  0.27601290e-20   63.59 0.54526329e-17   60.73 0.10759114e-17   16.86
       9500.0000  0.22545665e-20   74.85 0.44543167e-17   71.96 0.86215375e-18   28.05
       9666.6667  0.18488652e-20   85.89 0.36529826e-17   82.97 0.69304625e-18   39.13
       9833.3333  0.15216826e-20   96.69 0.30065933e-17   93.75 0.55884070e-18   50.07
      10000.0000  0.12565493e-20  107.24 0.24826968e-17  104.27 0.45198511e-18   60.85
