          0.0000  0.36319650e-12 -179.45 0.17537254e-07    0.32 0.17330800e-06    0.55
         83.3333  0.38231822e-11 -178.52 0.49022479e-07    1.12 0.40531682e-08  177.35
        166.6667  0.10647584e-11 -176.69 0.29472733e-08    3.00 0.19376952e-08 -179.99
        250.0000  0.39438325e-12 -174.34 0.68744854e-10  178.59 0.60397528e-09 -179.21
        333.3333  0.18304636e-12 -171.53 0.21469287e-09 -173.70 0.22840259e-09 -178.47
        416.6667  0.98575519e-13 -168.34 0.15100291e-09 -170.46 0.10411010e-09 -177.45
        500.0000  0.58468621e-13 -164.86 0.98321334e-10 -167.00 0.54468191e-10 -176.04
        583.3333  0.37028581e-13 -161.13 0.65073457e-10 -163.29 0.31376836e-10 -174.23
        666.6667  0.24577115e-13 -157.18 0.44297485e-10 -159.36 0.19356708e-10 -172.05
        750.0000  0.16896796e-13 -153.05 0.30957398e-10 -155.24 0.12560794e-10 -169.53
        833.3333  0.11938780e-13 -148.75 0.22125511e-10 -150.95 0.84716386e-11 -166.72
        916.6667  0.86225742e-14 -144.30 0.16115262e-10 -146.51 0.58892935e-11 -163.66
       1000.0000  0.63408195e-14 -139.70 0.11927861e-10 -141.92 0.41946380e-11 -160.38
       1083.3333  0.47342438e-14 -134.96 0.89517384e-11 -137.19 0.30474201e-11 -156.90
       1166.6667  0.35812739e-14 -130.08 0.68003400e-11 -132.31 0.22507545e-11 -153.24
       1250.0000  0.27404391e-14 -125.07 0.52222967e-11 -127.31 0.16857120e-11 -149.43
       1333.3333  0.21187435e-14 -119.93 0.40500291e-11 -122.18 0.12777921e-11 -145.46
       1416.6667  0.16535301e-14 -114.68 0.31693765e-11 -116.92 0.97885224e-12 -141.35
       1500.0000  0.13016880e-14 -109.31 0.25010985e-11 -111.56 0.75694029e-12 -137.10
       1583.3333  0.10330190e-14 -103.84 0.19892948e-11 -106.09 0.59035535e-12 -132.72
       1666.6667  0.82604140e-15  -98.27 0.15939721e-11 -100.54 0.46406310e-12 -128.20
       1750.0000  0.66527073e-15  -92.63 0.12861653e-11  -94.91 0.36746740e-12 -123.56
       1833.3333  0.53941578e-15  -86.92 0.10446703e-11  -89.21 0.29298836e-12 -118.79
       1916.6667  0.44015970e-15  -81.16 0.85381692e-12  -83.47 0.23513349e-12 -113.92
       2000.0000  0.36132146e-15  -75.36 0.70192559e-12  -77.69 0.18987797e-12 -108.94
       2083.3333  0.29827022e-15  -69.54 0.58022407e-12  -71.89 0.15424332e-12 -103.86
       2166.6667  0.24751088e-15  -63.71 0.48207651e-12  -66.08 0.12600620e-12  -98.69
       2250.0000  0.20638733e-15  -57.87 0.40242935e-12  -60.26 0.10349405e-12  -93.45
       2333.3333  0.17286779e-15  -52.04 0.33740921e-12  -54.46 0.85439807e-13  -88.14
       2416.6667  0.14538815e-15  -46.22 0.28402859e-12  -48.67 0.70877452e-13  -82.78
       2500.0000  0.12273685e-15  -40.43 0.23996899e-12  -42.89 0.59066076e-13  -77.37
       2583.3333  0.10396954e-15  -34.66 0.20341996e-12  -37.15 0.49434220e-13  -71.92
       2666.6667  0.88345617e-16  -28.91 0.17295908e-12  -31.42 0.41538737e-13  -66.45
       2750.0000  0.75280669e-16  -23.20 0.14746190e-12  -25.73 0.35034175e-13  -60.96
       2833.3333  0.64310687e-16  -17.51 0.12603409e-12  -20.07 0.29649838e-13  -55.46
       2916.6667  0.55065004e-16  -11.86 0.10796000e-12  -14.43 0.25172519e-13  -49.96
       3000.0000  0.47245725e-16   -6.23 0.92663535e-13   -8.82 0.21433424e-13  -44.45
       3083.3333  0.40612026e-16   -0.63 0.79678263e-13   -3.24 0.18298228e-13  -38.94
       3166.6667  0.34968099e-16    4.94 0.68624372e-13    2.32 0.15659485e-13  -33.44
       3250.0000  0.30153862e-16   10.49 0.59190916e-13    7.86 0.13430803e-13  -27.95
       3333.3333  0.26037747e-16   16.02 0.51122012e-13   13.37 0.11542363e-13  -22.46
       3416.6667  0.22511082e-16   21.53 0.44206058e-13   18.87 0.99374478e-14  -16.98
       3500.0000  0.19483683e-16   27.02 0.38267267e-13   24.35 0.85697587e-14  -11.52
       3583.3333  0.16880386e-16   32.49 0.33158978e-13   29.81 0.74013131e-14   -6.06
       3666.6667  0.14638282e-16   37.95 0.28758346e-13   35.26 0.64008057e-14   -0.61
       3750.0000  0.12704530e-16   43.39 0.24962097e-13   40.70 0.55423172e-14    4.83
       3833.3333  0.11034584e-16   48.83 0.21683113e-13   46.12 0.48042949e-14   10.26
       3916.6667  0.95907782e-17   54.25 0.18847684e-13   51.54 0.41687439e-14   15.68
       4000.0000  0.83411672e-17   59.67 0.16393262e-13   56.95 0.36205819e-14   21.10
       4083.3333  0.72585884e-17   65.07 0.14266638e-13   62.36 0.31471223e-14   26.51
       4166.6667  0.63198891e-17   70.48 0.12422437e-13   67.76 0.27376577e-14   31.91
       4250.0000  0.55052916e-17   75.88 0.10821885e-13   73.15 0.23831232e-14   37.31
       4333.3333  0.47978668e-17   81.27 0.94317810e-14   78.55 0.20758225e-14   42.71
       4416.6667  0.41830983e-17   86.66 0.82236488e-14   83.94 0.18092037e-14   48.10
       4500.0000  0.36485170e-17   92.06 0.71730212e-14   89.33 0.15776760e-14   53.50
       4583.3333  0.31833969e-17   97.45 0.62588465e-14   94.71 0.13764579e-14   58.88
       4666.6667  0.27784982e-17  102.84 0.54629863e-14  100.10 0.12014516e-14   64.27
       4750.0000  0.24258512e-17  108.23 0.47697932e-14  105.49 0.10491391e-14   69.66
       4833.3333  0.21185741e-17  113.62 0.41657527e-14  110.89 0.91649467e-15   75.05
       4916.6667  0.18507176e-17  119.02 0.36391810e-14  116.28 0.80091217e-15   80.44
       5000.0000  0.16171341e-17  124.42 0.31799664e-14  121.68 0.70014353e-15   85.83
