          0.0000  0.36319650e-12 -179.45 0.17537254e-07    0.32 0.17330800e-06    0.55
        250.0000  0.39438325e-12 -174.34 0.68744854e-10  178.59 0.60397528e-09 -179.21
        500.0000  0.58468621e-13 -164.86 0.98321334e-10 -167.00 0.54468191e-10 -176.04
        750.0000  0.16896796e-13 -153.05 0.30957398e-10 -155.24 0.12560794e-10 -169.53
       1000.0000  0.63408195e-14 -139.70 0.11927861e-10 -141.92 0.41946380e-11 -160.38
       1250.0000  0.27404391e-14 -125.07 0.52222967e-11 -127.31 0.16857120e-11 -149.43
       1500.0000  0.13016880e-14 -109.31 0.25010985e-11 -111.56 0.75694029e-12 -137.10
       1750.0000  0.66527073e-15  -92.63 0.12861653e-11  -94.91 0.36746740e-12 -123.56
       2000.0000  0.36132146e-15  -75.36 0.70192559e-12  -77.69 0.18987797e-12 -108.94
       2250.0000  0.20638733e-15  -57.87 0.40242935e-12  -60.26 0.10349405e-12  -93.45
       2500.0000  0.12273685e-15  -40.43 0.23996899e-12  -42.89 0.59066076e-13  -77.37
       2750.0000  0.75280669e-16  -23.20 0.14746190e-12  -25.73 0.35034175e-13  -60.96
       3000.0000  0.47245725e-16   -6.23 0.92663535e-13   -8.82 0.21433424e-13  -44.45
       3250.0000  0.30153862e-16   10.49 0.59190916e-13    7.86 0.13430803e-13  -27.95
       3500.0000  0.19483683e-16   27.02 0.38267267e-13   24.35 0.85697587e-14  -11.52
       3750.0000  0.12704530e-16   43.39 0.24962097e-13   40.70 0.55423172e-14    4.83
       4000.0000  0.83411672e-17   59.67 0.16393262e-13   56.95 0.36205819e-14   21.10
       4250.0000  0.55052916e-17   75.88 0.10821885e-13   73.15 0.23831232e-14   37.31
       4500.0000  0.36485170e-17   92.06 0.71730212e-14   89.33 0.15776760e-14   53.50
       4750.0000  0.24258512e-17  108.23 0.47697932e-14  105.49 0.10491391e-14   69.66
       5000.0000  0.16171341e-17  124.42 0.31799664e-14  121.68 0.70014353e-15   85.83
       5250.0000  0.10803236e-17  140.64 0.21245488e-14  137.90 0.46858040e-15  102.01
       5500.0000  0.72299598e-18  156.92 0.14219471e-14  154.18 0.31434616e-15  118.22
       5750.0000  0.48460805e-18  173.26 0.95317847e-15  170.53 0.21130233e-15  134.47
       6000.0000  0.32528677e-18 -170.29 0.63986795e-15 -173.02 0.14228780e-15  150.76
       6250.0000  0.21865787e-18 -153.73 0.43016684e-15 -156.46 0.95970521e-16  167.12
       6500.0000  0.14721425e-18 -137.03 0.28965463e-15 -139.75 0.64833126e-16 -176.45
       6750.0000  0.99301459e-19 -120.17 0.19541586e-15 -122.88 0.43870294e-16 -159.94
       7000.0000  0.67143300e-19 -103.11 0.13215968e-15 -105.82 0.29739272e-16 -143.33
       7250.0000  0.45541743e-19  -85.84 0.89664429e-16  -88.55 0.20202171e-16 -126.61
       7500.0000  0.31017267e-19  -68.35 0.61087621e-16  -71.05 0.13757807e-16 -109.77
       7750.0000  0.21238320e-19  -50.63 0.41844152e-16  -53.34 0.93975712e-17  -92.82
       8000.0000  0.14641560e-19  -32.70 0.28859620e-16  -35.41 0.64429418e-17  -75.75
       8250.0000  0.10178480e-19  -14.61 0.20072083e-16  -17.33 0.44370102e-17  -58.57
       8500.0000  0.71460231e-20    3.58 0.14098968e-16    0.85 0.30718746e-17  -41.31
       8750.0000  0.50731504e-20   21.76 0.10013987e-16   19.00 0.21399427e-17  -24.01
       9000.0000  0.36447321e-20   39.80 0.71974528e-17   37.01 0.15012113e-17   -6.71
       9250.0000  0.26503607e-20   57.57 0.52355948e-17   54.75 0.10612478e-17   10.51
       9500.0000  0.19498331e-20   74.94 0.38526661e-17   72.07 0.75635327e-18   27.57
       9750.0000  0.14498298e-20   91.79 0.28650773e-17   88.88 0.54355262e-18   44.39
      10000.0000  0.10881723e-20  108.03 0.21504443e-17  105.08 0.39383608e-18   60.88
      10250.0000  0.82324836e-21  123.62 0.16268066e-17  120.62 0.28759426e-18   76.96
      10500.0000  0.62697192e-21  138.51 0.12387985e-17  135.48 0.21153729e-18   92.55
      10750.0000  0.48014832e-21  152.72 0.94854632e-18  149.65 0.15661954e-18  107.61
      11000.0000  0.36945328e-21  166.25 0.72973554e-18  163.14 0.11664596e-18  122.09
      11250.0000  0.28547721e-21  179.13 0.56376823e-18  175.98 0.87339410e-19  135.95
      11500.0000  0.22146008e-21 -168.62 0.43727506e-18 -171.80 0.65718353e-19  149.19
      11750.0000  0.17246840e-21 -156.94 0.34049522e-18 -160.15 0.49682307e-19  161.80
      12000.0000  0.13485327e-21 -145.80 0.26620806e-18 -149.05 0.37735307e-19  173.79
      12250.0000  0.10588713e-21 -135.16 0.20901610e-18 -138.43 0.28800664e-19 -174.84
      12500.0000  0.83515099e-22 -124.95 0.16485354e-18 -128.24 0.22096061e-19 -164.04
      12750.0000  0.66180743e-22 -115.12 0.13064165e-18 -118.44 0.17048406e-19 -153.79
      13000.0000  0.52701324e-22 -105.61 0.10404168e-18 -108.95 0.13235143e-19 -144.03
      13250.0000  0.42176585e-22  -96.37 0.83274154e-19  -99.73 0.10343190e-19 -134.71
      13500.0000  0.33920907e-22  -87.33 0.66984469e-19  -90.71 0.81398950e-20 -125.75
      13750.0000  0.27412181e-22  -78.46 0.54141507e-19  -81.84 0.64521016e-20 -117.09
      14000.0000  0.22252872e-22  -69.68 0.43960532e-19  -73.08 0.51509406e-20 -108.63
      14250.0000  0.18140246e-22  -60.98 0.35844184e-19  -64.39 0.41405709e-20 -100.32
      14500.0000  0.14843546e-22  -52.31 0.29337265e-19  -55.72 0.33498118e-20  -92.09
      14750.0000  0.12186514e-22  -43.64 0.24092183e-19  -47.06 0.27258228e-20  -83.87
      15000.0000  0.10034080e-22  -34.96 0.19842611e-19  -38.39 0.22293862e-20  -75.64
