          0.0000  0.36319650e-12 -179.45 0.17537254e-07    0.32 0.17330800e-06    0.55
        250.0000  0.39438324e-12 -174.34 0.68744840e-10  178.59 0.60397529e-09 -179.21
        500.0000  0.58468606e-13 -164.86 0.98321302e-10 -167.00 0.54468202e-10 -176.04
        750.0000  0.16896773e-13 -153.05 0.30957352e-10 -155.24 0.12560803e-10 -169.53
       1000.0000  0.63407915e-14 -139.70 0.11927805e-10 -141.92 0.41946449e-11 -160.38
       1250.0000  0.27404089e-14 -125.07 0.52222362e-11 -127.31 0.16857163e-11 -149.43
       1500.0000  0.13016586e-14 -109.31 0.25010399e-11 -111.56 0.75694229e-12 -137.10
       1750.0000  0.66524450e-15  -92.63 0.12861134e-11  -94.91 0.36746761e-12 -123.56
       2000.0000  0.36129992e-15  -75.36 0.70188322e-12  -77.69 0.18987703e-12 -108.94
       2250.0000  0.20637085e-15  -57.87 0.40239709e-12  -60.26 0.10349256e-12  -93.45
       2500.0000  0.12272500e-15  -40.42 0.23994587e-12  -42.89 0.59064479e-13  -77.36
       2750.0000  0.75272573e-16  -23.19 0.14744616e-12  -25.72 0.35032740e-13  -60.96
       3000.0000  0.47240435e-16   -6.22 0.92653273e-13   -8.81 0.21432266e-13  -44.44
       3250.0000  0.30150533e-16   10.51 0.59184472e-13    7.87 0.13429935e-13  -27.94
       3500.0000  0.19481656e-16   27.03 0.38263347e-13   24.36 0.85691402e-14  -11.51
       3750.0000  0.12703328e-16   43.41 0.24959774e-13   40.71 0.55418919e-14    4.84
       4000.0000  0.83404688e-17   59.68 0.16391912e-13   56.97 0.36202954e-14   21.11
       4250.0000  0.55048898e-17   75.89 0.10821106e-13   73.17 0.23829312e-14   37.33
       4500.0000  0.36482836e-17   92.07 0.71725662e-14   89.34 0.15775460e-14   53.51
       4750.0000  0.24257102e-17  108.25 0.47695155e-14  105.51 0.10490489e-14   69.68
       5000.0000  0.16170419e-17  124.43 0.31797825e-14  121.70 0.70007861e-15   85.85
       5250.0000  0.10802563e-17  140.65 0.21244128e-14  137.92 0.46853163e-15  102.03
       5500.0000  0.72294100e-18  156.93 0.14218352e-14  154.19 0.31430798e-15  118.24
       5750.0000  0.48455926e-18  173.27 0.95307886e-15  170.54 0.21127139e-15  134.48
       6000.0000  0.32524142e-18 -170.29 0.63977541e-15 -173.02 0.14226208e-15  150.78
       6250.0000  0.21861492e-18 -153.73 0.43007941e-15 -156.46 0.95948783e-16  167.13
       6500.0000  0.14717346e-18 -137.04 0.28957187e-15 -139.76 0.64814578e-16 -176.44
       6750.0000  0.99262955e-19 -120.18 0.19533799e-15 -122.90 0.43854395e-16 -159.93
       7000.0000  0.67107295e-19 -103.14 0.13208708e-15 -105.85 0.29725626e-16 -143.32
       7250.0000  0.45508449e-19  -85.88 0.89597482e-16  -88.58 0.20190472e-16 -126.61
       7500.0000  0.30986850e-19  -68.39 0.61026612e-16  -71.10 0.13747803e-16 -109.78
       7750.0000  0.21210884e-19  -50.68 0.41789249e-16  -53.38 0.93890477e-17  -92.83
       8000.0000  0.14617146e-19  -32.76 0.28810869e-16  -35.46 0.64357153e-17  -75.76
       8250.0000  0.10157067e-19  -14.66 0.20029410e-16  -17.38 0.44309190e-17  -58.59
       8500.0000  0.71275267e-20    3.53 0.14062177e-16    0.79 0.30667755e-17  -41.33
       8750.0000  0.50574258e-20   21.71 0.99827626e-17   18.96 0.21357073e-17  -24.02
       9000.0000  0.36315768e-20   39.77 0.71713697e-17   36.98 0.14977238e-17   -6.72
       9250.0000  0.26395246e-20   57.56 0.52141387e-17   54.74 0.10584029e-17   10.50
       9500.0000  0.19410347e-20   74.95 0.38352646e-17   72.09 0.75405509e-18   27.58
       9750.0000  0.14427754e-20   91.83 0.28511381e-17   88.92 0.54171409e-18   44.41
      10000.0000  0.10825747e-20  108.10 0.21393921e-17  105.15 0.39237894e-18   60.92
      10250.0000  0.81884219e-21  123.72 0.16181120e-17  120.72 0.28644922e-18   77.02
      10500.0000  0.62352304e-21  138.64 0.12319959e-17  135.61 0.21064413e-18   92.64
      10750.0000  0.47745768e-21  152.88 0.94324096e-18  149.81 0.15592698e-18  107.72
      11000.0000  0.36735670e-21  166.44 0.72560239e-18  163.33 0.11611125e-18  122.22
      11250.0000  0.28384240e-21  179.34 0.56054573e-18  176.19 0.86927597e-19  136.12
      11500.0000  0.22018233e-21 -168.38 0.43475644e-18 -171.56 0.65401382e-19  149.38
      11750.0000  0.17146598e-21 -156.68 0.33851920e-18 -159.90 0.49438016e-19  162.01
      12000.0000  0.13406302e-21 -145.53 0.26465010e-18 -148.77 0.37546426e-19  174.02
      12250.0000  0.10526063e-21 -134.86 0.20778072e-18 -138.13 0.28653898e-19 -174.58
      12500.0000  0.83015361e-22 -124.64 0.16386791e-18 -127.93 0.21981275e-19 -163.76
      12750.0000  0.65779620e-22 -114.79 0.12985032e-18 -118.11 0.16957938e-19 -153.49
      13000.0000  0.52377385e-22 -105.27 0.10340245e-18 -108.61 0.13163234e-19 -143.72
      13250.0000  0.41913491e-22  -96.02 0.82754847e-19  -99.38 0.10285539e-19 -134.38
      13500.0000  0.33706142e-22  -86.98 0.66560446e-19  -90.35 0.80932844e-20 -125.41
      13750.0000  0.27236096e-22  -78.10 0.53793771e-19  -81.48 0.64141308e-20 -116.73
      14000.0000  0.22107973e-22  -69.32 0.43674322e-19  -72.72 0.51198058e-20 -108.27
      14250.0000  0.18020657e-22  -60.61 0.35607922e-19  -64.02 0.41149071e-20  -99.95
      14500.0000  0.14744617e-22  -51.94 0.29141787e-19  -55.35 0.33285699e-20  -91.71
      14750.0000  0.12104530e-22  -43.27 0.23930163e-19  -46.69 0.27081894e-20  -83.50
      15000.0000  0.99660474e-23  -34.58 0.19708141e-19  -38.02 0.22147190e-20  -75.26
