          0.0000  0.36322435E-12 -179.72 0.17537467E-07    0.16 0.17332130E-06    0.28
        250.0000  0.39592587E-12 -177.14 0.70445641E-10  179.69 0.60107490E-09 -179.65
        500.0000  0.59692406E-13 -172.17 0.10049717E-09 -173.21 0.53513400E-10 -178.35
        750.0000  0.17775451E-13 -165.73 0.32597145E-10 -166.79 0.12237924E-10 -175.56
       1000.0000  0.69569026E-14 -158.12 0.13099055E-10 -159.18 0.40982233E-11 -171.47
       1250.0000  0.31721878E-14 -149.43 0.60512498E-11 -150.49 0.16711346E-11 -166.37
       1500.0000  0.16064014E-14 -139.75 0.30898054E-11 -140.81 0.77050437E-12 -160.36
       1750.0000  0.88247948E-15 -129.25 0.17076496E-11 -130.33 0.38869384E-12 -153.40
       2000.0000  0.51788924E-15 -118.22 0.10067402E-11 -119.32 0.21106327E-12 -145.48
       2250.0000  0.32050469E-15 -106.93 0.62516876E-12 -108.08 0.12204678E-12 -136.68
       2500.0000  0.20674748E-15  -95.59 0.40427030E-12  -96.79 0.74435342E-13 -127.18
       2750.0000  0.13763111E-15  -84.32 0.26958546E-12  -85.55 0.47426898E-13 -117.19
       3000.0000  0.93799854E-16  -73.16 0.18394912E-12  -74.42 0.31283328E-13 -106.88
       3250.0000  0.65056637E-16  -62.10 0.12768574E-12  -63.39 0.21192513E-13  -96.40
       3500.0000  0.45718784E-16  -51.12 0.89782786E-13  -52.43 0.14649535E-13  -85.82
       3750.0000  0.32453627E-16  -40.20 0.63758506E-13  -41.52 0.10282129E-13  -75.19
       4000.0000  0.23218769E-16  -29.31 0.45629281E-13  -30.64 0.73007496E-14  -64.53
       4250.0000  0.16716250E-16  -18.43 0.32858046E-13  -19.77 0.52302413E-14  -53.85
       4500.0000  0.12096839E-16   -7.54 0.23782232E-13   -8.89 0.37732291E-14  -43.14
       4750.0000  0.87919809E-17    3.36 0.17287482E-13    2.01 0.27374171E-14  -32.42
       5000.0000  0.64140862E-17   14.30 0.12613496E-13   12.95 0.19951249E-14  -21.67
       5250.0000  0.46951232E-17   25.29 0.92341788E-14   23.94 0.14597728E-14  -10.90
       5500.0000  0.34476135E-17   36.34 0.67813809E-14   34.98 0.10716673E-14   -0.10
       5750.0000  0.25392127E-17   47.45 0.49951286E-14   46.09 0.78910561E-15   10.73
       6000.0000  0.18757958E-17   58.64 0.36904780E-14   57.28 0.58264641E-15   21.60
       6250.0000  0.13900094E-17   69.91 0.27350609E-14   68.55 0.43132796E-15   32.50
       6500.0000  0.10334133E-17   81.26 0.20336640E-14   79.90 0.32012318E-15   43.44
       6750.0000  0.77102302E-18   92.70 0.15175143E-14   91.34 0.23819866E-15   54.43
       7000.0000  0.57748446E-18  104.22 0.11367648E-14  102.86 0.17770805E-15   65.46
       7250.0000  0.43436896E-18  115.82 0.85518180E-15  114.45 0.13294649E-15   76.52
       7500.0000  0.32824910E-18  127.48 0.64636286E-15  126.11 0.99752746E-16   87.62
       7750.0000  0.24932150E-18  139.18 0.49103054E-15  137.80 0.75083275E-16   98.76
       8000.0000  0.19041648E-18  150.90 0.37508568E-15  149.52 0.56706852E-16  109.91
       8250.0000  0.14628309E-18  162.61 0.28820174E-15  161.22 0.42984509E-16  121.07
       8500.0000  0.11307091E-18  174.27 0.22280617E-15  172.87 0.32710218E-16  132.22
       8750.0000  0.87953541E-19 -174.16 0.17333997E-15 -175.57 0.24995157E-16  143.35
       9000.0000  0.68854043E-19 -162.71 0.13571796E-15 -164.13 0.19183337E-16  154.43
       9250.0000  0.54244485E-19 -151.43 0.10693452E-15 -152.87 0.14789955E-16  165.43
       9500.0000  0.42999188E-19 -140.35 0.84775077E-16 -141.80 0.11456233E-16  176.34
       9750.0000  0.34287228E-19 -129.51 0.67604679E-16 -130.97 0.89162801E-17 -172.89
      10000.0000  0.27493664E-19 -118.92 0.54213142E-16 -120.41 0.69727316E-17 -162.27
      10250.0000  0.22161834E-19 -108.62 0.43701581E-16 -110.12 0.54788243E-17 -151.83
      10500.0000  0.17951145E-19  -98.62 0.35399420E-16 -100.13 0.43251911E-17 -141.59
      10750.0000  0.14606234E-19  -88.91 0.28803758E-16  -90.44 0.34301270E-17 -131.59
      11000.0000  0.11934472E-19  -79.51 0.23535142E-16  -81.06 0.27324120E-17 -121.83
      11250.0000  0.97895757E-20  -70.42 0.19305337E-16  -71.97 0.21860180E-17 -112.33
      11500.0000  0.80596583E-20  -61.61 0.15893828E-16  -63.18 0.17562040E-17 -103.10
      11750.0000  0.66585153E-20  -53.09 0.13130682E-16  -54.68 0.14166347E-17  -94.14
      12000.0000  0.55192476E-20  -44.84 0.10883995E-16  -46.44 0.11472541E-17  -85.47
      12250.0000  0.45895787E-20  -36.84 0.90506792E-17  -38.45 0.93271310E-18  -77.07
      12500.0000  0.38283940E-20  -29.08 0.75496490E-17  -30.70 0.76120592E-18  -68.95
      12750.0000  0.32031683E-20  -21.54 0.63167534E-17  -23.17 0.62360662E-18  -61.09
      13000.0000  0.26880368E-20  -14.20 0.53009761E-17  -15.84 0.51282636E-18  -53.49
      13250.0000  0.22623370E-20   -7.04 0.44615615E-17   -8.69 0.42333311E-18  -46.12
      13500.0000  0.19094972E-20   -0.04 0.37658234E-17   -1.70 0.35079117E-18  -38.98
      13750.0000  0.16161811E-20    6.82 0.31874577E-17    5.16 0.29178904E-18  -32.03
      14000.0000  0.13716242E-20   13.56 0.27052342E-17   11.89 0.24363302E-18  -25.27
      14250.0000  0.11671151E-20   20.19 0.23019734E-17   18.52 0.20418961E-18  -18.67
      14500.0000  0.99558755E-21   26.74 0.19637404E-17   25.06 0.17176436E-18  -12.21
      14750.0000  0.85129690E-21   33.21 0.16792077E-17   31.53 0.14500832E-18   -5.86
      15000.0000  0.72956283E-21   39.63 0.14391470E-17   37.94 0.12284529E-18    0.39
