          0.0000  0.36319650e-12 -179.45 0.17537254e-07    0.32 0.17330800e-06    0.55
        250.0000  0.39438329e-12 -174.34 0.68744934e-10  178.59 0.60397521e-09 -179.21
        500.0000  0.58468716e-13 -164.86 0.98321532e-10 -167.00 0.54468135e-10 -176.04
        750.0000  0.16896942e-13 -153.05 0.30957699e-10 -155.24 0.12560753e-10 -169.53
       1000.0000  0.63410038e-14 -139.70 0.11928237e-10 -141.92 0.41946160e-11 -160.38
       1250.0000  0.27406409e-14 -125.07 0.52227056e-11 -127.31 0.16857097e-11 -149.43
       1500.0000  0.13018861e-14 -109.31 0.25014975e-11 -111.56 0.75695515e-12 -137.10
       1750.0000  0.66544857e-15  -92.63 0.12865220e-11  -94.90 0.36749447e-12 -123.56
       2000.0000  0.36147036e-15  -75.36 0.70222326e-12  -77.69 0.18991146e-12 -108.94
       2250.0000  0.20650601e-15  -57.87 0.40266624e-12  -60.26 0.10352890e-12  -93.46
       2500.0000  0.12282902e-15  -40.42 0.24015300e-12  -42.89 0.59098784e-13  -77.38
       2750.0000  0.75352055e-16  -23.18 0.14760466e-12  -25.72 0.35062915e-13  -60.98
       3000.0000  0.47301912e-16   -6.20 0.92776150e-13   -8.79 0.21457683e-13  -44.47
       3250.0000  0.30199238e-16   10.54 0.59282053e-13    7.91 0.13450850e-13  -27.97
       3500.0000  0.19521268e-16   27.10 0.38342855e-13   24.43 0.85861899e-14  -11.53
       3750.0000  0.12736224e-16   43.51 0.25025859e-13   40.82 0.55557776e-14    4.82
       4000.0000  0.83681138e-17   59.83 0.16447448e-13   57.12 0.36316355e-14   21.11
       4250.0000  0.55281933e-17   76.10 0.10867889e-13   73.38 0.23922191e-14   37.35
       4500.0000  0.36678571e-17   92.34 0.72118194e-14   89.61 0.15851607e-14   53.57
       4750.0000  0.24420230e-17  108.58 0.48021892e-14  105.85 0.10552814e-14   69.77
       5000.0000  0.16305029e-17  124.84 0.32067097e-14  122.11 0.70515921e-15   85.99
       5250.0000  0.10912470e-17  141.15 0.21463714e-14  138.41 0.47264889e-15  102.23
       5500.0000  0.73182261e-18  157.50 0.14395594e-14  154.77 0.31762126e-15  118.49
       5750.0000  0.49166862e-18  173.94 0.96725150e-15  171.20 0.21391775e-15  134.80
       6000.0000  0.33088474e-18 -169.54 0.65101495e-15 -172.27 0.14435996e-15  151.16
       6250.0000  0.22306279e-18 -152.89 0.43893065e-15 -155.62 0.97599985e-16  167.58
       6500.0000  0.15065873e-18 -136.11 0.29650238e-15 -138.84 0.66105656e-16 -175.93
       6750.0000  0.10198130e-18 -119.17 0.20073982e-15 -121.89 0.44857932e-16 -159.35
       7000.0000  0.69219854e-19 -102.05 0.13628250e-15 -104.77 0.30501618e-16 -142.68
       7250.0000  0.47145652e-19  -84.73 0.92846983e-16  -87.45 0.20787822e-16 -125.91
       7500.0000  0.32252802e-19  -67.21 0.63537831e-16  -69.92 0.14205864e-16 -109.04
       7750.0000  0.22187766e-19  -49.49 0.43725946e-16  -52.21 0.97391282e-17  -92.05
       8000.0000  0.15369321e-19  -31.60 0.30301210e-16  -34.32 0.67024800e-17  -74.97
       8250.0000  0.10734715e-19  -13.58 0.21173265e-16  -16.31 0.46336425e-17  -57.79
       8500.0000  0.75697216e-20    4.49 0.14937278e-16    1.74 0.32204234e-17  -40.56
       8750.0000  0.53946350e-20   22.51 0.10649699e-16   19.74 0.22518443e-17  -23.31
       9000.0000  0.38876259e-20   40.37 0.76774991e-17   37.56 0.15852569e-17   -6.08
       9250.0000  0.28330870e-20   57.94 0.55965521e-17   55.10 0.11241770e-17   11.04
       9500.0000  0.20867427e-20   75.10 0.41230016e-17   72.22 0.80332218e-18   27.99
       9750.0000  0.15520546e-20   91.75 0.30668517e-17   88.83 0.57849763e-18   44.69
      10000.0000  0.11642888e-20  107.82 0.23006381e-17  104.86 0.41975493e-18   61.05
      10250.0000  0.87981038e-21  123.26 0.17383849e-17  120.26 0.30676244e-18   77.01
      10500.0000  0.66894713e-21  138.04 0.13215813e-17  135.00 0.22567522e-18   92.50
      10750.0000  0.51127494e-21  152.15 0.10099193e-17  149.07 0.16702219e-18  107.46
      11000.0000  0.39252862e-21  165.61 0.77522312e-18  162.50 0.12428364e-18  121.85
      11250.0000  0.30258604e-21  178.43 0.59748642e-18  175.29 0.92936098e-19  135.66
      11500.0000  0.23415202e-21 -169.35 0.46228260e-18 -172.53 0.69812217e-19  148.85
      11750.0000  0.18189339e-21 -157.71 0.35906150e-18 -160.92 0.52672170e-19  161.42
      12000.0000  0.14186373e-21 -146.60 0.28001499e-18 -149.84 0.39916005e-19  173.38
      12250.0000  0.11111435e-21 -135.98 0.21930902e-18 -139.24 0.30389722e-19 -175.26
      12500.0000  0.87426069e-22 -125.80 0.17255351e-18 -129.09 0.23253668e-19 -164.49
      12750.0000  0.69120447e-22 -116.00 0.13642888e-18 -119.32 0.17892307e-19 -154.27
      13000.0000  0.54924099e-22 -106.54 0.10841749e-18 -109.88 0.13851662e-19 -144.55
      13250.0000  0.43869521e-22  -97.35 0.86607150e-19 -100.71 0.10795410e-19 -135.28
      13500.0000  0.35221272e-22  -88.37 0.69545008e-19  -91.75 0.84737151e-20 -126.38
      13750.0000  0.28420464e-22  -79.55 0.56127410e-19  -82.94 0.67007372e-20 -117.79
      14000.0000  0.23042524e-22  -70.84 0.45516327e-19  -74.24 0.53382667e-20 -109.43
      14250.0000  0.18764942e-22  -62.20 0.37075444e-19  -65.61 0.42836382e-20 -101.21
      14500.0000  0.15342576e-22  -53.59 0.30321249e-19  -57.00 0.34607176e-20  -93.07
      14750.0000  0.12588755e-22  -44.97 0.24885662e-19  -48.40 0.28131167e-20  -84.95
      15000.0000  0.10360896e-22  -36.34 0.20487584e-19  -39.78 0.22990978e-20  -76.81
