   % Range crossline_e_amp crossline_e_phs inline_B_amp inline_B_phs  vertical_B_amp vertical_B_phs 
          0.0000  0.30038330e-06  179.66 0.30048371e-10 -178.89 0.79918207e-12    0.70
         83.3333  0.45418823e-07  179.09 0.24499291e-11 -173.43 0.90575963e-11    2.22
        166.6667  0.10314154e-07  178.72 0.21234848e-12 -137.63 0.31326055e-11    5.66
        250.0000  0.42228286e-08  179.05 0.10665601e-12 -121.26 0.14739912e-11    9.95
        333.3333  0.22272375e-08  179.90 0.88436448e-13 -131.82 0.83446171e-12   14.67
        416.6667  0.13480946e-08 -178.82 0.79663250e-13 -139.67 0.52756913e-12   19.63
        500.0000  0.89051788e-09 -177.15 0.71672427e-13 -143.63 0.35831668e-12   24.72
        583.3333  0.62478676e-09 -175.15 0.63862984e-13 -145.34 0.25575341e-12   29.89
        666.6667  0.45790499e-09 -172.88 0.56574378e-13 -145.77 0.18927226e-12   35.08
        750.0000  0.34676636e-09 -170.38 0.50009868e-13 -145.41 0.14395961e-12   40.28
        833.3333  0.26930995e-09 -167.72 0.44212344e-13 -144.54 0.11185612e-12   45.47
        916.6667  0.21334861e-09 -164.93 0.39140480e-13 -143.32 0.88403951e-13   50.63
       1000.0000  0.17172557e-09 -162.07 0.34719734e-13 -141.84 0.70842619e-13   55.74
       1083.3333  0.14002243e-09 -159.16 0.30868173e-13 -140.18 0.57422280e-13   60.81
       1166.6667  0.11539502e-09 -156.24 0.27507949e-13 -138.39 0.46991054e-13   65.82
       1250.0000  0.95946633e-10 -153.33 0.24569598e-13 -136.49 0.38766251e-13   70.76
       1333.3333  0.80373477e-10 -150.45 0.21993014e-13 -134.52 0.32201489e-13   75.64
       1416.6667  0.67755552e-10 -147.62 0.19726974e-13 -132.51 0.26906382e-13   80.44
       1500.0000  0.57428644e-10 -144.85 0.17728141e-13 -130.46 0.22596315e-13   85.17
       1583.3333  0.48903483e-10 -142.17 0.15959942e-13 -128.40 0.19060090e-13   89.82
       1666.6667  0.41813201e-10 -139.59 0.14391501e-13 -126.33 0.16138518e-13   94.38
       1750.0000  0.35878335e-10 -137.11 0.12996706e-13 -124.28 0.13709945e-13   98.86
       1833.3333  0.30882977e-10 -134.75 0.11753409e-13 -122.25 0.11680239e-13  103.26
       1916.6667  0.26658199e-10 -132.51 0.10642755e-13 -120.24 0.99757565e-14  107.57
       2000.0000  0.23070322e-10 -130.42 0.96486342e-14 -118.27 0.85382991e-14  111.78
       2083.3333  0.20012465e-10 -128.47 0.87572259e-14 -116.34 0.73214590e-14  115.90
       2166.6667  0.17398379e-10 -126.68 0.79566237e-14 -114.46 0.62879243e-14  119.93
       2250.0000  0.15157873e-10 -125.06 0.72365300e-14 -112.64 0.54074717e-14  123.85
       2333.3333  0.13233382e-10 -123.61 0.65880029e-14 -110.88 0.46554518e-14  127.67
       2416.6667  0.11577366e-10 -122.34 0.60032483e-14 -109.17 0.40116362e-14  131.38
       2500.0000  0.10150305e-10 -121.27 0.54754471e-14 -107.54 0.34593288e-14  134.98
       2583.3333  0.89191493e-11 -120.39 0.49986124e-14 -105.98 0.29846773e-14  138.47
       2666.6667  0.78561043e-11 -119.71 0.45674702e-14 -104.49 0.25761332e-14  141.83
       2750.0000  0.69376689e-11 -119.23 0.41773600e-14 -103.08 0.22240264e-14  145.06
       2833.3333  0.61438711e-11 -118.97 0.38241505e-14 -101.75 0.19202265e-14  148.16
       2916.6667  0.54576553e-11 -118.90 0.35041701e-14 -100.50 0.16578723e-14  151.12
       3000.0000  0.48643867e-11 -119.03 0.32141464e-14  -99.33 0.14311539e-14  153.92
       3083.3333  0.43514515e-11 -119.35 0.29511559e-14  -98.24 0.12351362e-14  156.55
       3166.6667  0.39079322e-11 -119.84 0.27125808e-14  -97.24 0.10656152e-14  159.02
       3250.0000  0.35243446e-11 -120.48 0.24960722e-14  -96.32 0.91900032e-15  161.29
       3333.3333  0.31924250e-11 -121.26 0.22995183e-14  -95.48 0.79221777e-15  163.35
       3416.6667  0.29049591e-11 -122.15 0.21210170e-14  -94.73 0.68263040e-15  165.20
       3500.0000  0.26556437e-11 -123.13 0.19588523e-14  -94.05 0.58797144e-15  166.80
       3583.3333  0.24389753e-11 -124.16 0.18114744e-14  -93.46 0.50628903e-15  168.13
       3666.6667  0.22501594e-11 -125.22 0.16774812e-14  -92.94 0.43589984e-15  169.18
       3750.0000  0.20850340e-11 -126.28 0.15556033e-14  -92.49 0.37534989e-15  169.91
       3833.3333  0.19400036e-11 -127.32 0.14446906e-14  -92.11 0.32338130e-15  170.29
       3916.6667  0.18119805e-11 -128.33 0.13436999e-14  -91.79 0.27890376e-15  170.30
       4000.0000  0.16983304e-11 -129.28 0.12516853e-14  -91.54 0.24096980e-15  169.91
       4083.3333  0.15968207e-11 -130.17 0.11677884e-14  -91.34 0.20875304e-15  169.10
       4166.6667  0.15055723e-11 -130.98 0.10912305e-14  -91.19 0.18152872e-15  167.86
       4250.0000  0.14230136e-11 -131.71 0.10213055e-14  -91.09 0.15865625e-15  166.19
       4333.3333  0.13478378e-11 -132.36 0.95737308e-15  -91.02 0.13956364e-15  164.11
       4416.6667  0.12789635e-11 -132.93 0.89885335e-15  -90.99 0.12373422e-15  161.68
       4500.0000  0.12154998e-11 -133.43 0.84522136e-15  -91.00 0.11069625e-15  158.97
       4583.3333  0.11567144e-11 -133.85 0.79600248e-15  -91.03 0.10001637e-15  156.06
       4666.6667  0.11020064e-11 -134.20 0.75076804e-15  -91.07 0.91296998e-16  153.08
       4750.0000  0.10508832e-11 -134.50 0.70913135e-15  -91.14 0.84177472e-16  150.12
       4833.3333  0.10029401e-11 -134.73 0.67074406e-15  -91.22 0.78337093e-16  147.29
       4916.6667  0.95784394e-12 -134.92 0.63529273e-15  -91.30 0.73498297e-16  144.66
       5000.0000  0.91531896e-12 -135.06 0.60249571e-15  -91.40 0.69428141e-16  142.30
   % Range crossline_B_amp crossline_B_phs inline_e_amp inline_e_phs  vertical_e_amp vertical_e_phs 
          0.0000  0.30054806e-10    1.11 0.30003076e-06  179.66 0.53109257e-08    0.25
         83.3333  0.68847713e-11    3.17 0.44979208e-07    2.86 0.17421346e-07    0.84
        166.6667  0.20833233e-11    6.74 0.12257699e-07    6.31 0.30026639e-08    2.60
        250.0000  0.90107069e-12   10.71 0.49983962e-08   10.61 0.11336611e-08    5.04
        333.3333  0.45505797e-12   15.09 0.26230581e-08   14.88 0.55642494e-09    7.86
        416.6667  0.25043107e-12   19.93 0.15595951e-08   19.13 0.31004034e-09   11.02
        500.0000  0.14502679e-12   25.35 0.99944499e-09   23.37 0.18742561e-09   14.48
        583.3333  0.86427032e-13   31.58 0.67418052e-09   27.59 0.12003937e-09   18.19
        666.6667  0.52139017e-13   39.05 0.47223306e-09   31.77 0.80249065e-10   22.12
        750.0000  0.31440389e-13   48.56 0.34048372e-09   35.91 0.55443581e-10   26.24
        833.3333  0.18838031e-13   61.63 0.25117692e-09   39.97 0.39314290e-10   30.53
        916.6667  0.11423845e-13   80.87 0.18876530e-09   43.96 0.28470194e-10   34.97
       1000.0000  0.76538620e-14  108.36 0.14405102e-09   47.85 0.20980101e-10   39.57
       1083.3333  0.63982233e-14  138.66 0.11134687e-09   51.64 0.15690854e-10   44.31
       1166.6667  0.63415481e-14  162.20 0.87005845e-10   55.30 0.11886240e-10   49.18
       1250.0000  0.65436160e-14  177.99 0.68616847e-10   58.82 0.91064831e-11   54.19
       1333.3333  0.66631418e-14 -171.11 0.54544027e-10   62.19 0.70480561e-11   59.32
       1416.6667  0.66378624e-14 -162.99 0.43652612e-10   65.39 0.55057590e-11   64.57
       1500.0000  0.64870430e-14 -156.52 0.35140100e-10   68.40 0.43380180e-11   69.94
       1583.3333  0.62454510e-14 -151.09 0.28429308e-10   71.21 0.34454419e-11   75.41
       1666.6667  0.59449289e-14 -146.37 0.23098856e-10   73.79 0.27572012e-11   80.97
       1750.0000  0.56104600e-14 -142.15 0.18836975e-10   76.12 0.22221625e-11   86.61
       1833.3333  0.52604014e-14 -138.30 0.15410212e-10   78.17 0.18029936e-11   92.31
       1916.6667  0.49077214e-14 -134.75 0.12641841e-10   79.92 0.14721672e-11   98.06
       2000.0000  0.45612845e-14 -131.44 0.10396751e-10   81.33 0.12092064e-11  103.85
       2083.3333  0.42269305e-14 -128.32 0.85707082e-11   82.36 0.99875756e-12  109.67
       2166.6667  0.39083126e-14 -125.39 0.70826292e-11   82.98 0.82922416e-12  115.50
       2250.0000  0.36075267e-14 -122.60 0.58689492e-11   83.13 0.69178732e-12  121.32
       2333.3333  0.33255745e-14 -119.97 0.48794667e-11   82.76 0.57969660e-12  127.15
       2416.6667  0.30627009e-14 -117.46 0.40742323e-11   81.84 0.48775207e-12  132.96
       2500.0000  0.28186384e-14 -115.08 0.34211798e-11   80.32 0.41192313e-12  138.75
       2583.3333  0.25927818e-14 -112.82 0.28942892e-11   78.21 0.34906618e-12  144.51
       2666.6667  0.23843136e-14 -110.67 0.24721366e-11   75.50 0.29671420e-12  150.26
       2750.0000  0.21922922e-14 -108.64 0.21367455e-11   72.27 0.25291914e-12  155.97
       2833.3333  0.20157142e-14 -106.72 0.18727091e-11   68.63 0.21613329e-12  161.66
       2916.6667  0.18535571e-14 -104.90 0.16665827e-11   64.74 0.18511944e-12  167.32
       3000.0000  0.17048086e-14 -103.20 0.15065483e-11   60.79 0.15888264e-12  172.95
       3083.3333  0.15684858e-14 -101.60 0.13823073e-11   56.97 0.13661804e-12  178.56
       3166.6667  0.14436474e-14 -100.11 0.12851008e-11   53.43 0.11767085e-12 -175.86
       3250.0000  0.13294011e-14  -98.73 0.12077382e-11   50.26 0.10150544e-12 -170.30
       3333.3333  0.12249070e-14  -97.45 0.11445481e-11   47.54 0.87681350e-13 -164.75
       3416.6667  0.11293788e-14  -96.27 0.10912333e-11   45.26 0.75834609e-13 -159.23
       3500.0000  0.10420840e-14  -95.20 0.10446585e-11   43.42 0.65663035e-13 -153.72
       3583.3333  0.96234183e-15  -94.22 0.10026140e-11   41.96 0.56914668e-13 -148.22
       3666.6667  0.88952117e-15  -93.35 0.96359450e-12   40.85 0.49378577e-13 -142.74
       3750.0000  0.82303824e-15  -92.57 0.92660990e-12   40.04 0.42877525e-13 -137.27
       3833.3333  0.76235357e-15  -91.89 0.89103586e-12   39.48 0.37262077e-13 -131.81
       3916.6667  0.70696929e-15  -91.30 0.85650035e-12   39.13 0.32405850e-13 -126.35
       4000.0000  0.65642625e-15  -90.79 0.82280085e-12   38.96 0.28201645e-13 -120.90
       4083.3333  0.61030136e-15  -90.37 0.78984527e-12   38.93 0.24558304e-13 -115.45
       4166.6667  0.56820499e-15  -90.03 0.75761061e-12   39.01 0.21398121e-13 -110.01
       4250.0000  0.52977858e-15  -89.77 0.72611464e-12   39.18 0.18654717e-13 -104.57
       4333.3333  0.49469237e-15  -89.57 0.69539668e-12   39.42 0.16271274e-13  -99.14
       4416.6667  0.46264337e-15  -89.44 0.66550503e-12   39.72 0.14199071e-13  -93.70
       4500.0000  0.43335343e-15  -89.37 0.63648884e-12   40.05 0.12396263e-13  -88.27
       4583.3333  0.40656747e-15  -89.34 0.60839313e-12   40.41 0.10826853e-13  -82.83
       4666.6667  0.38205187e-15  -89.36 0.58125592e-12   40.78 0.94598345e-14  -77.39
       4750.0000  0.35959300e-15  -89.43 0.55510682e-12   41.16 0.82684643e-14  -71.95
       4833.3333  0.33899578e-15  -89.52 0.52996653e-12   41.55 0.72296498e-14  -66.51
       4916.6667  0.32008244e-15  -89.64 0.50584697e-12   41.92 0.63234285e-14  -61.06
       5000.0000  0.30269125e-15  -89.78 0.48275180e-12   42.29 0.55325270e-14  -55.61
   % Range crossline_B_amp crossline_B_phs inline_e_amp inline_e_phs  vertical_e_amp vertical_e_phs 
          0.0000  0.36319650e-12 -179.45 0.17537254e-07    0.32 0.17330800e-06    0.55
         83.3333  0.38231822e-11 -178.52 0.49022479e-07    1.12 0.40531681e-08  177.35
        166.6667  0.10647584e-11 -176.69 0.29472732e-08    3.00 0.19376951e-08 -179.99
        250.0000  0.39438333e-12 -174.34 0.68745005e-10  178.59 0.60397515e-09 -179.21
        333.3333  0.18304648e-12 -171.53 0.21469311e-09 -173.70 0.22840247e-09 -178.47
        416.6667  0.98575667e-13 -168.34 0.15100322e-09 -170.46 0.10410999e-09 -177.45
        500.0000  0.58468803e-13 -164.86 0.98321714e-10 -167.00 0.54468085e-10 -176.04
        583.3333  0.37028798e-13 -161.13 0.65073907e-10 -163.28 0.31376739e-10 -174.23
        666.6667  0.24577366e-13 -157.18 0.44298003e-10 -159.36 0.19356621e-10 -172.05
        750.0000  0.16897078e-13 -153.05 0.30957979e-10 -155.24 0.12560718e-10 -169.53
        833.3333  0.11939091e-13 -148.75 0.22126150e-10 -150.95 0.84715742e-11 -166.72
        916.6667  0.86229105e-14 -144.30 0.16115951e-10 -146.51 0.58892411e-11 -163.66
       1000.0000  0.63411770e-14 -139.70 0.11928591e-10 -141.92 0.41945982e-11 -160.38
       1083.3333  0.47346180e-14 -134.96 0.89525010e-11 -137.18 0.30473932e-11 -156.90
       1166.6667  0.35816601e-14 -130.08 0.68011252e-11 -132.31 0.22507404e-11 -153.25
       1250.0000  0.27408325e-14 -125.07 0.52230947e-11 -127.31 0.16857104e-11 -149.43
       1333.3333  0.21191394e-14 -119.93 0.40508306e-11 -122.17 0.12778024e-11 -145.47
       1416.6667  0.16539240e-14 -114.67 0.31701725e-11 -116.92 0.97887385e-12 -141.35
       1500.0000  0.13020760e-14 -109.30 0.25018809e-11 -111.55 0.75697219e-12 -137.11
       1583.3333  0.10333972e-14 -103.83 0.19900565e-11 -106.09 0.59039647e-12 -132.72
       1666.6667  0.82640693e-15  -98.27 0.15947070e-11 -100.53 0.46411224e-12 -128.21
       1750.0000  0.66562099e-15  -92.62 0.12868685e-11  -94.90 0.36752329e-12 -123.56
       1833.3333  0.53974884e-15  -86.91 0.10453382e-11  -89.21 0.29304973e-12 -118.80
       1916.6667  0.44047422e-15  -81.15 0.85444695e-12  -83.46 0.23519909e-12 -113.93
       2000.0000  0.36161667e-15  -75.36 0.70251642e-12  -77.68 0.18994658e-12 -108.95
       2083.3333  0.29854584e-15  -69.53 0.58077534e-12  -71.88 0.15431383e-12 -103.87
       2166.6667  0.24776708e-15  -63.70 0.48258869e-12  -66.07 0.12607760e-12  -98.71
       2250.0000  0.20662465e-15  -57.86 0.40290366e-12  -60.25 0.10356542e-12  -93.47
       2333.3333  0.17308705e-15  -52.03 0.33784741e-12  -54.45 0.85510383e-13  -88.16
       2416.6667  0.14559041e-15  -46.21 0.28443284e-12  -48.65 0.70946586e-13  -82.80
       2500.0000  0.12292327e-15  -40.41 0.24034169e-12  -42.88 0.59133246e-13  -77.39
       2583.3333  0.10414138e-15  -34.63 0.20376366e-12  -37.12 0.49499025e-13  -71.95
       2666.6667  0.88504161e-16  -28.88 0.17327636e-12  -31.40 0.41600888e-13  -66.49
       2750.0000  0.75427173e-16  -23.16 0.14775527e-12  -25.70 0.35093477e-13  -61.00
       2833.3333  0.64446355e-16  -17.47 0.12630595e-12  -20.02 0.29706182e-13  -55.50
       2916.6667  0.55190962e-16  -11.80 0.10821258e-12  -14.38 0.25225867e-13  -50.00
       3000.0000  0.47363005e-16   -6.16 0.92898887e-13   -8.75 0.21483793e-13  -44.49
       3083.3333  0.40721557e-16   -0.55 0.79898216e-13   -3.16 0.18345681e-13  -38.99
       3166.6667  0.35070708e-16    5.04 0.68830551e-13    2.42 0.15704117e-13  -33.48
       3250.0000  0.30250272e-16   10.61 0.59384740e-13    7.97 0.13472732e-13  -27.99
       3333.3333  0.26128582e-16   16.15 0.51304708e-13   13.51 0.11581723e-13  -22.50
       3416.6667  0.22596877e-16   21.68 0.44378674e-13   19.02 0.99743799e-14  -17.02
       3500.0000  0.19564892e-16   27.20 0.38430689e-13   24.53 0.86044066e-14  -11.55
       3583.3333  0.16957389e-16   32.69 0.33313953e-13   30.02 0.74338191e-14   -6.09
       3666.6667  0.14711398e-16   38.18 0.28905498e-13   35.49 0.64313075e-14   -0.63
       3750.0000  0.12774023e-16   43.65 0.25101944e-13   40.96 0.55709457e-14    4.81
       3833.3333  0.11100675e-16   49.12 0.21816090e-13   46.42 0.48311733e-14   10.26
       3916.6667  0.96536503e-17   54.58 0.18974152e-13   51.87 0.41939869e-14   15.69
       4000.0000  0.84009745e-17   60.03 0.16513528e-13   57.32 0.36442955e-14   21.12
       4083.3333  0.73154622e-17   65.48 0.14380963e-13   62.76 0.31694039e-14   26.55
       4166.6667  0.63739428e-17   70.92 0.12531048e-13   68.20 0.27585966e-14   31.97
       4250.0000  0.55566254e-17   76.36 0.10924985e-13   73.64 0.24028011e-14   37.39
       4333.3333  0.48465719e-17   81.80 0.95295562e-14   79.07 0.20943143e-14   42.81
       4416.6667  0.42292593e-17   87.23 0.83162719e-14   84.51 0.18265781e-14   48.23
       4500.0000  0.36922148e-17   92.67 0.72606584e-14   89.94 0.15939960e-14   53.64
       4583.3333  0.32247101e-17   98.11 0.63416599e-14   95.38 0.13917819e-14   59.06
       4666.6667  0.28175047e-17  103.55 0.55411366e-14  100.81 0.12158337e-14   64.48
       4750.0000  0.24626290e-17  108.99 0.48434412e-14  106.25 0.10626297e-14   69.89
       4833.3333  0.21532016e-17  114.43 0.42350608e-14  111.70 0.92914102e-15   75.31
       4916.6667  0.18832745e-17  119.88 0.37043128e-14  117.14 0.81275874e-15   80.73
       5000.0000  0.16477007e-17  125.33 0.32410875e-14  122.59 0.71123238e-15   86.16
