   % Range crossline_e_amp crossline_e_phs inline_B_amp inline_B_phs  vertical_B_amp vertical_B_phs 
          0.0000  0.30038330e-06  179.66 0.30048372e-10 -178.89 0.79918207e-12    0.70
        250.0000  0.42228268e-08  179.05 0.10666100e-12 -121.26 0.14739912e-11    9.95
        500.0000  0.89051572e-09 -177.16 0.71675852e-13 -143.63 0.35831654e-12   24.72
        750.0000  0.34676363e-09 -170.38 0.50012777e-13 -145.41 0.14395935e-12   40.28
       1000.0000  0.17172233e-09 -162.07 0.34722394e-13 -141.84 0.70842249e-13   55.74
       1250.0000  0.95943123e-10 -153.33 0.24572022e-13 -136.48 0.38765799e-13   70.76
       1500.0000  0.57425151e-10 -144.86 0.17730287e-13 -130.45 0.22595815e-13   85.17
       1750.0000  0.35875106e-10 -137.12 0.12998534e-13 -124.27 0.13709429e-13   98.86
       2000.0000  0.23067537e-10 -130.43 0.96501231e-14 -118.26 0.85377937e-14  111.78
       2250.0000  0.15155641e-10 -125.07 0.72376828e-14 -112.63 0.54069944e-14  123.85
       2500.0000  0.10148676e-10 -121.28 0.54762863e-14 -107.53 0.34588907e-14  134.98
       2750.0000  0.69366435e-11 -119.26 0.41779223e-14 -103.06 0.22236335e-14  145.06
       3000.0000  0.48639191e-11 -119.06 0.32144775e-14  -99.31 0.14308089e-14  153.92
       3250.0000  0.35243461e-11 -120.51 0.24962217e-14  -96.30 0.91870443e-15  161.28
       3500.0000  0.26559890e-11 -123.16 0.19588694e-14  -94.04 0.58772537e-15  166.79
       3750.0000  0.20855818e-11 -126.31 0.15555335e-14  -92.47 0.37515482e-15  169.89
       4000.0000  0.16989527e-11 -129.31 0.12515678e-14  -91.52 0.24082779e-15  169.88
       4250.0000  0.14236174e-11 -131.73 0.10211713e-14  -91.07 0.15856927e-15  166.14
       4500.0000  0.12160311e-11 -133.44 0.84509249e-15  -90.99 0.11066227e-15  158.91
       4750.0000  0.10513196e-11 -134.50 0.70902120e-15  -91.13 0.84185400e-16  150.05
       5000.0000  0.91565868e-12 -135.06 0.60241036e-15  -91.39 0.69460087e-16  142.24
       5250.0000  0.80130662e-12 -135.28 0.51757098e-15  -91.68 0.60171427e-16  136.91
       5500.0000  0.70370140e-12 -135.29 0.44895599e-15  -91.94 0.53092141e-16  133.98
       5750.0000  0.61989510e-12 -135.19 0.39259171e-15  -92.15 0.46937730e-16  132.76
       6000.0000  0.54775963e-12 -135.06 0.34563554e-15  -92.29 0.41322332e-16  132.59
       6250.0000  0.48560471e-12 -134.93 0.30604274e-15  -92.37 0.36186458e-16  132.98
       6500.0000  0.43200420e-12 -134.83 0.27232378e-15  -92.40 0.31553446e-16  133.62
       6750.0000  0.38572136e-12 -134.77 0.24337334e-15  -92.41 0.27443388e-16  134.29
       7000.0000  0.34567747e-12 -134.73 0.21835274e-15  -92.39 0.23851314e-16  134.90
       7250.0000  0.31093668e-12 -134.73 0.19661048e-15  -92.36 0.20748469e-16  135.37
       7500.0000  0.28069504e-12 -134.74 0.17762927e-15  -92.33 0.18090093e-16  135.70
       7750.0000  0.25426904e-12 -134.77 0.16099050e-15  -92.30 0.15823518e-16  135.90
       8000.0000  0.23108280e-12 -134.80 0.14635031e-15  -92.27 0.13894535e-16  135.98
       8250.0000  0.21065434e-12 -134.83 0.13342308e-15  -92.24 0.12251702e-16  135.99
       8500.0000  0.19258184e-12 -134.87 0.12196964e-15  -92.22 0.10848804e-16  135.94
       8750.0000  0.17653071e-12 -134.90 0.11178864e-15  -92.21 0.96459067e-17  135.86
       9000.0000  0.16222205e-12 -134.93 0.10270985e-15  -92.19 0.86094447e-17  135.76
       9250.0000  0.14942259e-12 -134.95 0.94588932e-16  -92.18 0.77117284e-17  135.68
       9500.0000  0.13793644e-12 -134.97 0.87303166e-16  -92.17 0.69301708e-17  135.59
       9750.0000  0.12759813e-12 -134.99 0.80747935e-16  -92.17 0.62464348e-17  135.52
      10000.0000  0.11826715e-12 -135.00 0.74833817e-16  -92.16 0.56456257e-17  135.47
      10250.0000  0.10982351e-12 -135.02 0.69484148e-16  -92.15 0.51155893e-17  135.42
      10500.0000  0.10216418e-12 -135.03 0.64633003e-16  -92.15 0.46463350e-17  135.38
      10750.0000  0.95200251e-13 -135.05 0.60223499e-16  -92.14 0.42295780e-17  135.35
      11000.0000  0.88854699e-13 -135.06 0.56206396e-16  -92.14 0.38583862e-17  135.32
      11250.0000  0.83060510e-13 -135.07 0.52538923e-16  -92.13 0.35269092e-17  135.29
      11500.0000  0.77759179e-13 -135.08 0.49183805e-16  -92.13 0.32301729e-17  135.27
      11750.0000  0.72899476e-13 -135.09 0.46108453e-16  -92.12 0.29639213e-17  135.25
      12000.0000  0.68436407e-13 -135.10 0.43284285e-16  -92.12 0.27244940e-17  135.23
      12250.0000  0.64330351e-13 -135.11 0.40686161e-16  -92.11 0.25087302e-17  135.21
      12500.0000  0.60546329e-13 -135.11 0.38291905e-16  -92.11 0.23138911e-17  135.19
      12750.0000  0.57053388e-13 -135.12 0.36081903e-16  -92.11 0.21375970e-17  135.17
      13000.0000  0.53824069e-13 -135.13 0.34038766e-16  -92.10 0.19777748e-17  135.15
      13250.0000  0.50833965e-13 -135.14 0.32147035e-16  -92.10 0.18326148e-17  135.14
      13500.0000  0.48061324e-13 -135.14 0.30392942e-16  -92.10 0.17005336e-17  135.12
      13750.0000  0.45486730e-13 -135.15 0.28764191e-16  -92.09 0.15801428e-17  135.11
      14000.0000  0.43092807e-13 -135.16 0.27249784e-16  -92.09 0.14702225e-17  135.09
      14250.0000  0.40863977e-13 -135.16 0.25839860e-16  -92.09 0.13696985e-17  135.08
      14500.0000  0.38786250e-13 -135.17 0.24525559e-16  -92.09 0.12776229e-17  135.06
      14750.0000  0.36847032e-13 -135.17 0.23298911e-16  -92.08 0.11931576e-17  135.05
      15000.0000  0.35034969e-13 -135.18 0.22152728e-16  -92.08 0.11155598e-17  135.04
   % Range crossline_B_amp crossline_B_phs inline_e_amp inline_e_phs  vertical_e_amp vertical_e_phs 
          0.0000  0.30054806e-10    1.11 0.30003076e-06  179.66 0.53109257e-08    0.25
        250.0000  0.90107214e-12   10.71 0.49983998e-08   10.61 0.11336614e-08    5.04
        500.0000  0.14502905e-12   25.35 0.99944969e-09   23.37 0.18742622e-09   14.48
        750.0000  0.31443370e-13   48.57 0.34048845e-09   35.91 0.55444517e-10   26.24
       1000.0000  0.76571426e-14  108.35 0.14405492e-09   47.86 0.20981294e-10   39.57
       1250.0000  0.65446818e-14  177.97 0.68619386e-10   58.83 0.91078071e-11   54.19
       1500.0000  0.64876653e-14 -156.53 0.35141089e-10   68.41 0.43393386e-11   69.94
       1750.0000  0.56112716e-14 -142.16 0.18836484e-10   76.13 0.22233694e-11   86.61
       2000.0000  0.45623863e-14 -131.44 0.10395004e-10   81.34 0.12102345e-11  103.85
       2250.0000  0.36088593e-14 -122.60 0.58662687e-11   83.13 0.69262004e-12  121.32
       2500.0000  0.28200877e-14 -115.07 0.34180084e-11   80.32 0.41257877e-12  138.74
       2750.0000  0.21937356e-14 -108.62 0.21337186e-11   72.23 0.25343260e-12  155.97
       3000.0000  0.17061385e-14 -103.17 0.15043703e-11   60.70 0.15929048e-12  172.97
       3250.0000  0.13305370e-14  -98.69 0.12067245e-11   50.12 0.10183777e-12 -170.25
       3500.0000  0.10429764e-14  -95.14 0.10446300e-11   43.26 0.65941283e-13 -153.63
       3750.0000  0.82366849e-15  -92.50 0.92722885e-12   39.89 0.43115352e-13 -137.12
       4000.0000  0.65680371e-15  -90.71 0.82377709e-12   38.83 0.28407148e-13 -120.67
       4250.0000  0.52993485e-15  -89.68 0.72723977e-12   39.07 0.18832569e-13 -104.25
       4500.0000  0.43333507e-15  -89.27 0.63762164e-12   39.96 0.12549365e-13  -87.84
       4750.0000  0.35945315e-15  -89.34 0.55615613e-12   41.10 0.83989966e-14  -71.42
       5000.0000  0.30248160e-15  -89.71 0.48366398e-12   42.25 0.56425109e-14  -54.97
       5250.0000  0.25801493e-15  -90.23 0.42029085e-12   43.28 0.38033338e-14  -38.47
       5500.0000  0.22276871e-15  -90.79 0.36563715e-12   44.11 0.25713589e-14  -21.92
       5750.0000  0.19433923e-15  -91.29 0.31895650e-12   44.72 0.17433087e-14   -5.31
       6000.0000  0.17099608e-15  -91.70 0.27932800e-12   45.13 0.11851002e-14   11.38
       6250.0000  0.15150742e-15  -92.00 0.24578248e-12   45.36 0.80781665e-15   28.17
       6500.0000  0.13499966e-15  -92.20 0.21738604e-12   45.45 0.55221963e-15   45.06
       6750.0000  0.12084993e-15  -92.31 0.19328946e-12   45.45 0.37868487e-15   62.07
       7000.0000  0.10860771e-15  -92.36 0.17275207e-12   45.38 0.26061623e-15   79.20
       7250.0000  0.97939770e-16  -92.36 0.15514783e-12   45.29 0.18010967e-15   96.47
       7500.0000  0.88592661e-16  -92.33 0.13995980e-12   45.18 0.12508279e-15  113.85
       7750.0000  0.80367882e-16  -92.29 0.12676819e-12   45.09 0.87365342e-16  131.33
       8000.0000  0.73105583e-16  -92.24 0.11523559e-12   45.01 0.61423743e-16  148.88
       8250.0000  0.66674004e-16  -92.20 0.10509210e-12   44.94 0.43505700e-16  166.45
       8500.0000  0.60962598e-16  -92.16 0.96121686e-13   44.89 0.31064725e-16 -176.02
       8750.0000  0.55877461e-16  -92.13 0.88150556e-13   44.86 0.22371750e-16 -158.62
       9000.0000  0.51338206e-16  -92.11 0.81037740e-13   44.84 0.16252275e-16 -141.43
       9250.0000  0.47275707e-16  -92.09 0.74667668e-13   44.82 0.11908060e-16 -124.53
       9500.0000  0.43630393e-16  -92.08 0.68944501e-13   44.82 0.87959593e-17 -108.00
       9750.0000  0.40350869e-16  -92.07 0.63787853e-13   44.81 0.65455498e-17  -91.91
      10000.0000  0.37392778e-16  -92.07 0.59129592e-13   44.81 0.49032071e-17  -76.32
      10250.0000  0.34717812e-16  -92.07 0.54911450e-13   44.81 0.36942399e-17  -61.27
      10500.0000  0.32292868e-16  -92.07 0.51083224e-13   44.81 0.27973536e-17  -46.77
      10750.0000  0.30089305e-16  -92.07 0.47601403e-13   44.81 0.21274959e-17  -32.85
      11000.0000  0.28082299e-16  -92.07 0.44428102e-13   44.81 0.16243613e-17  -19.50
      11250.0000  0.26250291e-16  -92.07 0.41530213e-13   44.80 0.12446911e-17   -6.72
      11500.0000  0.24574511e-16  -92.07 0.38878720e-13   44.80 0.95709827e-18    5.51
      11750.0000  0.23038571e-16  -92.07 0.36448129e-13   44.80 0.73856784e-18   17.19
      12000.0000  0.21628122e-16  -92.06 0.34215999e-13   44.79 0.57206720e-18   28.37
      12250.0000  0.20330560e-16  -92.06 0.32162529e-13   44.79 0.44489371e-18   39.06
      12500.0000  0.19134785e-16  -92.06 0.30270221e-13   44.79 0.34751648e-18   49.30
      12750.0000  0.18030990e-16  -92.06 0.28523576e-13   44.78 0.27275248e-18   59.14
      13000.0000  0.17010487e-16  -92.06 0.26908842e-13   44.78 0.21517195e-18   68.62
      13250.0000  0.16065559e-16  -92.06 0.25413792e-13   44.77 0.17066351e-18   77.79
      13500.0000  0.15189335e-16  -92.06 0.24027531e-13   44.77 0.13611203e-18   86.72
      13750.0000  0.14375681e-16  -92.06 0.22740334e-13   44.77 0.10915762e-18   95.46
      14000.0000  0.13619109e-16  -92.05 0.21543501e-13   44.76 0.88013573e-19  104.06
      14250.0000  0.12914702e-16  -92.05 0.20429232e-13   44.76 0.71328009e-19  112.57
      14500.0000  0.12258041e-16  -92.05 0.19390524e-13   44.76 0.58078305e-19  121.04
      14750.0000  0.11645147e-16  -92.05 0.18421074e-13   44.75 0.47490442e-19  129.49
      15000.0000  0.11072436e-16  -92.05 0.17515202e-13   44.75 0.38977542e-19  137.96
   % Range crossline_B_amp crossline_B_phs inline_e_amp inline_e_phs  vertical_e_amp vertical_e_phs 
          0.0000  0.36319650e-12 -179.45 0.17537254e-07    0.32 0.17330800e-06    0.55
        250.0000  0.39438341e-12 -174.34 0.68745152e-10  178.59 0.60397503e-09 -179.21
        500.0000  0.58468980e-13 -164.86 0.98322080e-10 -167.00 0.54467977e-10 -176.04
        750.0000  0.16897352e-13 -153.05 0.30958543e-10 -155.24 0.12560636e-10 -169.53
       1000.0000  0.63415278e-14 -139.70 0.11929306e-10 -141.92 0.41945477e-11 -160.38
       1250.0000  0.27412231e-14 -125.06 0.52238846e-11 -127.30 0.16856942e-11 -149.43
       1500.0000  0.13024663e-14 -109.30 0.25026659e-11 -111.55 0.75698758e-12 -137.11
       1750.0000  0.66597832e-15  -92.62 0.12875837e-11  -94.90 0.36756265e-12 -123.57
       2000.0000  0.36192148e-15  -75.35 0.70312432e-12  -77.68 0.19000021e-12 -108.96
       2250.0000  0.20687169e-15  -57.86 0.40339537e-12  -60.26 0.10362417e-12  -93.49
       2500.0000  0.12311779e-15  -40.41 0.24072875e-12  -42.88 0.59190300e-13  -77.43
       2750.0000  0.75579441e-16  -23.16 0.14805862e-12  -25.70 0.35144895e-13  -61.05
       3000.0000  0.47483858e-16   -6.15 0.93140148e-13   -8.74 0.21528069e-13  -44.55
       3250.0000  0.30348674e-16   10.65 0.59581613e-13    8.02 0.13509946e-13  -28.07
       3500.0000  0.19647230e-16   27.29 0.38595693e-13   24.62 0.86354005e-14  -11.64
       3750.0000  0.12844381e-16   43.81 0.25243049e-13   41.12 0.55967643e-14    4.73
       4000.0000  0.84617703e-17   60.26 0.16635451e-13   57.55 0.36658935e-14   21.05
       4250.0000  0.56092537e-17   76.68 0.11030458e-13   73.96 0.24209434e-14   37.35
       4500.0000  0.37375360e-17   93.10 0.73513926e-14   90.36 0.16092616e-14   53.64
       4750.0000  0.25012859e-17  109.52 0.49207395e-14  106.78 0.10754549e-14   69.94
       5000.0000  0.16802868e-17  125.98 0.33061647e-14  123.23 0.72195807e-15   86.26
       5250.0000  0.11325367e-17  142.47 0.22287520e-14  139.73 0.48653687e-15  102.61
       5500.0000  0.76564651e-18  159.02 0.15069648e-14  156.27 0.32900560e-15  119.00
       5750.0000  0.51906023e-18  175.63 0.10217800e-14  172.89 0.22316543e-15  135.43
       6000.0000  0.35283820e-18 -167.67 0.69467566e-15 -170.42 0.15180360e-15  151.91
       6250.0000  0.24049651e-18 -150.89 0.47357266e-15 -153.63 0.10353870e-15  168.44
       6500.0000  0.16439207e-18 -134.00 0.32377034e-15 -136.74 0.70804369e-16 -174.98
       6750.0000  0.11272411e-18 -116.99 0.22205508e-15 -119.73 0.48547034e-16 -158.33
       7000.0000  0.77572252e-19  -99.85 0.15284427e-15 -102.60 0.33377778e-16 -141.62
       7250.0000  0.53604841e-19  -82.59 0.10564718e-15  -85.34 0.23015984e-16 -124.85
       7500.0000  0.37223963e-19  -65.21 0.73383721e-16  -67.96 0.15922160e-16 -108.01
       7750.0000  0.25996750e-19  -47.72 0.51266044e-16  -50.48 0.11054318e-16  -91.11
       8000.0000  0.18275492e-19  -30.17 0.36051239e-16  -32.94 0.77055695e-17  -74.17
       8250.0000  0.12942911e-19  -12.59 0.25540218e-16  -15.37 0.53953945e-17  -57.20
       8500.0000  0.92407865e-20    4.94 0.18240516e-16    2.14 0.37965902e-17  -40.24
       8750.0000  0.66542985e-20   22.35 0.13138698e-16   19.53 0.26860158e-17  -23.31
       9000.0000  0.48337607e-20   39.56 0.95463228e-17   36.70 0.19112914e-17   -6.47
       9250.0000  0.35415246e-20   56.47 0.69954515e-17   53.59 0.13682234e-17   10.24
       9500.0000  0.26159004e-20   73.01 0.51676351e-17   70.09 0.98546933e-18   26.75
       9750.0000  0.19466297e-20   89.10 0.38456483e-17   86.16 0.71410079e-18   43.01
      10000.0000  0.14582304e-20  104.71 0.28807184e-17  101.73 0.52049186e-18   58.96
      10250.0000  0.10987217e-20  119.77 0.21703399e-17  116.76 0.38146917e-18   74.54
      10500.0000  0.83201786e-21  134.28 0.16433136e-17  131.23 0.28100442e-18   89.71
      10750.0000  0.63282063e-21  148.21 0.12496955e-17  145.13 0.20795945e-18  104.42
      11000.0000  0.48319566e-21  161.57 0.95406107e-18  158.46 0.15455009e-18  118.63
      11250.0000  0.37028009e-21  174.36 0.73099143e-18  171.22 0.11529995e-18  132.33
      11500.0000  0.28474213e-21 -173.40 0.56203925e-18 -176.57 0.86327923e-19  145.48
      11750.0000  0.21973964e-21 -161.71 0.43367565e-18 -164.91 0.64862148e-19  158.08
      12000.0000  0.17020910e-21 -150.52 0.33588746e-18 -153.75 0.48907648e-19  170.11
      12250.0000  0.13237420e-21 -139.82 0.26120690e-18 -143.08 0.37017837e-19 -178.43
      12500.0000  0.10340143e-21 -129.57 0.20403113e-18 -132.85 0.28136601e-19 -167.53
      12750.0000  0.81155124e-22 -119.73 0.16013797e-18 -123.03 0.21488267e-19 -157.17
      13000.0000  0.64020770e-22 -110.24 0.12633627e-18 -113.57 0.16500263e-19 -147.34
      13250.0000  0.50775723e-22 -101.05 0.10021013e-18 -104.40 0.12748266e-19 -137.98
      13500.0000  0.40493485e-22  -92.12 0.79929499e-19  -95.48 0.99169756e-20 -129.06
      13750.0000  0.32472089e-22  -83.37 0.64108303e-19  -86.76 0.77717564e-20 -120.49
      14000.0000  0.26179986e-22  -74.77 0.51697402e-19  -78.16 0.61379817e-20 -112.21
      14250.0000  0.21214924e-22  -66.25 0.41903179e-19  -69.66 0.48858205e-20 -104.14
      14500.0000  0.17272583e-22  -57.78 0.34125435e-19  -61.20 0.39189473e-20  -96.20
      14750.0000  0.14122590e-22  -49.32 0.27909967e-19  -52.74 0.31660661e-20  -88.31
      15000.0000  0.11590252e-22  -40.84 0.22912433e-19  -44.27 0.25745320e-20  -80.41
