   % Range crossline_e_amp crossline_e_phs inline_B_amp inline_B_phs  vertical_B_amp vertical_B_phs 
          0.0000  0.30038330e-06  179.66 0.30048371e-10 -178.89 0.79918207e-12    0.70
        250.0000  0.42228296e-08  179.05 0.10665333e-12 -121.26 0.14739913e-11    9.95
        500.0000  0.89051903e-09 -177.15 0.71670582e-13 -143.63 0.35831676e-12   24.72
        750.0000  0.34676781e-09 -170.38 0.50008305e-13 -145.42 0.14395974e-12   40.28
       1000.0000  0.17172729e-09 -162.07 0.34718310e-13 -141.85 0.70842808e-13   55.74
       1250.0000  0.95948488e-10 -153.32 0.24568308e-13 -136.50 0.38766481e-13   70.76
       1500.0000  0.57430479e-10 -144.85 0.17727006e-13 -130.46 0.22596569e-13   85.17
       1750.0000  0.35880018e-10 -137.10 0.12995746e-13 -124.29 0.13710206e-13   98.86
       2000.0000  0.23071761e-10 -130.41 0.96478588e-14 -118.28 0.85385546e-14  111.78
       2250.0000  0.15159014e-10 -125.05 0.72359356e-14 -112.65 0.54077126e-14  123.85
       2500.0000  0.10151126e-10 -121.26 0.54750199e-14 -107.55 0.34595496e-14  134.98
       2750.0000  0.69381754e-11 -119.22 0.41770787e-14 -103.09 0.22242244e-14  145.06
       3000.0000  0.48646067e-11 -119.01 0.32139856e-14  -99.34 0.14313276e-14  153.92
       3250.0000  0.35243279e-11 -120.46 0.24960047e-14  -96.33 0.91914926e-15  161.29
       3500.0000  0.26554570e-11 -123.11 0.19588516e-14  -94.06 0.58809534e-15  166.80
       3750.0000  0.20847505e-11 -126.26 0.15556453e-14  -92.50 0.37544821e-15  169.91
       4000.0000  0.16980148e-11 -129.27 0.12517496e-14  -91.54 0.24104154e-15  169.92
       4250.0000  0.14227117e-11 -131.70 0.10213764e-14  -91.09 0.15870044e-15  166.21
       4500.0000  0.12152373e-11 -133.42 0.84528787e-15  -91.00 0.11071391e-15  159.00
       4750.0000  0.10506699e-11 -134.49 0.70918708e-15  -91.14 0.84174086e-16  150.15
       5000.0000  0.91515454e-12 -135.06 0.60253801e-15  -91.40 0.69412634e-16  142.32
       5250.0000  0.80093303e-12 -135.28 0.51765982e-15  -91.68 0.60111705e-16  136.97
       5500.0000  0.70343611e-12 -135.29 0.44901046e-15  -91.94 0.53034508e-16  134.02
       5750.0000  0.61971441e-12 -135.20 0.39261869e-15  -92.14 0.46888666e-16  132.78
       6000.0000  0.54764152e-12 -135.06 0.34564243e-15  -92.28 0.41283725e-16  132.60
       6250.0000  0.48553046e-12 -134.94 0.30603626e-15  -92.36 0.36157897e-16  132.98
       6500.0000  0.43195889e-12 -134.83 0.27230943e-15  -92.40 0.31533500e-16  133.61
       6750.0000  0.38569380e-12 -134.77 0.24335523e-15  -92.40 0.27430296e-16  134.28
       7000.0000  0.34565975e-12 -134.73 0.21833366e-15  -92.39 0.23843335e-16  134.88
       7250.0000  0.31092361e-12 -134.72 0.19659219e-15  -92.36 0.20744064e-16  135.36
       7500.0000  0.28068349e-12 -134.74 0.17761270e-15  -92.33 0.18088009e-16  135.69
       7750.0000  0.25425737e-12 -134.76 0.16097601e-15  -92.30 0.15822798e-16  135.89
       8000.0000  0.23107034e-12 -134.79 0.14633792e-15  -92.27 0.13894504e-16  135.98
       8250.0000  0.21064101e-12 -134.83 0.13341259e-15  -92.24 0.12251920e-16  135.99
       8500.0000  0.19256787e-12 -134.86 0.12196079e-15  -92.22 0.10849014e-16  135.94
       8750.0000  0.17651646e-12 -134.89 0.11178112e-15  -92.21 0.96459852e-17  135.86
       9000.0000  0.16220786e-12 -134.92 0.10270340e-15  -92.20 0.86093528e-17  135.77
       9250.0000  0.14940877e-12 -134.94 0.94583323e-16  -92.18 0.77114776e-17  135.68
       9500.0000  0.13792320e-12 -134.96 0.87298210e-16  -92.18 0.69297962e-17  135.60
       9750.0000  0.12758561e-12 -134.98 0.80743491e-16  -92.17 0.62459783e-17  135.53
      10000.0000  0.11825543e-12 -135.00 0.74829779e-16  -92.16 0.56451261e-17  135.48
      10250.0000  0.10981260e-12 -135.01 0.69480441e-16  -92.16 0.51150781e-17  135.43
      10500.0000  0.10215406e-12 -135.03 0.64629572e-16  -92.15 0.46458347e-17  135.39
      10750.0000  0.95190883e-13 -135.04 0.60220306e-16  -92.14 0.42291033e-17  135.35
      11000.0000  0.88846030e-13 -135.05 0.56203412e-16  -92.14 0.38579449e-17  135.33
      11250.0000  0.83052480e-13 -135.06 0.52536127e-16  -92.13 0.35265047e-17  135.30
      11500.0000  0.77751729e-13 -135.07 0.49181179e-16  -92.13 0.32298051e-17  135.28
      11750.0000  0.72892551e-13 -135.08 0.46105984e-16  -92.12 0.29635882e-17  135.26
      12000.0000  0.68429956e-13 -135.09 0.43281960e-16  -92.12 0.27241927e-17  135.24
      12250.0000  0.64324328e-13 -135.10 0.40683971e-16  -92.12 0.25084575e-17  135.22
      12500.0000  0.60540695e-13 -135.11 0.38289839e-16  -92.11 0.23136438e-17  135.20
      12750.0000  0.57048106e-13 -135.12 0.36079953e-16  -92.11 0.21373719e-17  135.18
      13000.0000  0.53819109e-13 -135.12 0.34036924e-16  -92.10 0.19775694e-17  135.16
      13250.0000  0.50829299e-13 -135.13 0.32145294e-16  -92.10 0.18324269e-17  135.14
      13500.0000  0.48056928e-13 -135.14 0.30391294e-16  -92.10 0.17003611e-17  135.13
      13750.0000  0.45482582e-13 -135.14 0.28762630e-16  -92.09 0.15799841e-17  135.11
      14000.0000  0.43088887e-13 -135.15 0.27248305e-16  -92.09 0.14700761e-17  135.10
      14250.0000  0.40860270e-13 -135.16 0.25838456e-16  -92.09 0.13695632e-17  135.08
      14500.0000  0.38782739e-13 -135.16 0.24524227e-16  -92.09 0.12774977e-17  135.07
      14750.0000  0.36843702e-13 -135.17 0.23297645e-16  -92.08 0.11930414e-17  135.06
      15000.0000  0.35031809e-13 -135.17 0.22151524e-16  -92.08 0.11154518e-17  135.04
   % Range crossline_B_amp crossline_B_phs inline_e_amp inline_e_phs  vertical_e_amp vertical_e_phs 
          0.0000  0.30054805e-10    1.11 0.30003076e-06  179.66 0.53109257e-08    0.25
        250.0000  0.90106992e-12   10.71 0.49983942e-08   10.61 0.11336610e-08    5.04
        500.0000  0.14502559e-12   25.35 0.99944249e-09   23.37 0.18742526e-09   14.48
        750.0000  0.31438826e-13   48.56 0.34048125e-09   35.91 0.55443048e-10   26.24
       1000.0000  0.76521495e-14  108.36 0.14404905e-09   47.85 0.20979429e-10   39.57
       1250.0000  0.65430205e-14  177.99 0.68615652e-10   58.82 0.91057436e-11   54.18
       1500.0000  0.64866514e-14 -156.51 0.35139768e-10   68.40 0.43372883e-11   69.94
       1750.0000  0.56099550e-14 -142.15 0.18837449e-10   76.12 0.22215031e-11   86.60
       2000.0000  0.45606258e-14 -131.44 0.10397889e-10   81.33 0.12086506e-11  103.85
       2250.0000  0.36067559e-14 -122.61 0.58705574e-11   83.12 0.69134167e-12  121.32
       2500.0000  0.28178228e-14 -115.08 0.34229990e-11   80.33 0.41157531e-12  138.75
       2750.0000  0.21915002e-14 -108.65 0.21384164e-11   72.29 0.25264874e-12  155.96
       3000.0000  0.17040973e-14 -103.22 0.15076938e-11   60.85 0.15866925e-12  172.93
       3250.0000  0.13288108e-14  -98.75 0.12082161e-11   50.34 0.10133269e-12 -170.33
       3500.0000  0.10416366e-14  -95.23 0.10445967e-11   43.50 0.65519487e-13 -153.79
       3750.0000  0.82273807e-15  -92.61 0.92621001e-12   40.12 0.42755928e-13 -137.37
       4000.0000  0.65626289e-15  -90.84 0.82222802e-12   39.03 0.28097658e-13 -121.05
       4250.0000  0.52973034e-15  -89.82 0.72548327e-12   39.23 0.18565731e-13 -104.78
       4500.0000  0.43339198e-15  -89.41 0.63587332e-12   40.09 0.12320550e-13  -88.53
       4750.0000  0.35968808e-15  -89.47 0.55455253e-12   41.19 0.82046604e-14  -72.29
       5000.0000  0.30281499e-15  -89.82 0.48228299e-12   42.30 0.54793704e-14  -56.02
       5250.0000  0.25838035e-15  -90.32 0.41916650e-12   43.29 0.36680529e-14  -39.71
       5500.0000  0.22311778e-15  -90.84 0.36477130e-12   44.09 0.24605189e-14  -23.35
       5750.0000  0.19464215e-15  -91.32 0.31832874e-12   44.68 0.16535073e-14   -6.92
       6000.0000  0.17123897e-15  -91.71 0.27890425e-12   45.07 0.11130803e-14    9.61
       6250.0000  0.15168830e-15  -91.99 0.24552232e-12   45.29 0.75057657e-15   26.26
       6500.0000  0.13512409e-15  -92.17 0.21724857e-12   45.39 0.50708436e-15   43.04
       6750.0000  0.12092744e-15  -92.28 0.19323740e-12   45.39 0.34333778e-15   59.98
       7000.0000  0.10864908e-15  -92.32 0.17275423e-12   45.33 0.23309879e-15   77.09
       7250.0000  0.97955290e-16  -92.32 0.15518004e-12   45.25 0.15879884e-15   94.40
       7500.0000  0.88591186e-16  -92.30 0.14000476e-12   45.16 0.10865535e-15  111.91
       7750.0000  0.80356421e-16  -92.26 0.12681456e-12   45.07 0.74756565e-16  129.62
       8000.0000  0.73089293e-16  -92.22 0.11527681e-12   45.00 0.51785585e-16  147.50
       8250.0000  0.66656396e-16  -92.18 0.10512508e-12   44.94 0.36167834e-16  165.50
       8500.0000  0.60945843e-16  -92.15 0.96145655e-13   44.90 0.25500250e-16 -176.44
       8750.0000  0.55862719e-16  -92.12 0.88166155e-13   44.87 0.18168262e-16 -158.43
       9000.0000  0.51325932e-16  -92.10 0.81046312e-13   44.85 0.13088231e-16 -140.58
       9250.0000  0.47265907e-16  -92.09 0.74670795e-13   44.84 0.95338523e-17 -123.02
       9500.0000  0.43622814e-16  -92.08 0.68943710e-13   44.83 0.70188717e-17 -105.85
       9750.0000  0.40345146e-16  -92.08 0.63784462e-13   44.83 0.52177628e-17  -89.19
      10000.0000  0.37388518e-16  -92.07 0.59124650e-13   44.82 0.39121494e-17  -73.11
      10250.0000  0.34714654e-16  -92.07 0.54905737e-13   44.82 0.29547860e-17  -57.65
      10500.0000  0.32290505e-16  -92.07 0.51077282e-13   44.82 0.22455310e-17  -42.85
      10750.0000  0.30087493e-16  -92.07 0.47595579e-13   44.82 0.17154608e-17  -28.71
      11000.0000  0.28080857e-16  -92.07 0.44422598e-13   44.82 0.13164497e-17  -15.22
      11250.0000  0.26249088e-16  -92.07 0.41525125e-13   44.81 0.10143646e-17   -2.38
      11500.0000  0.24573459e-16  -92.07 0.38874078e-13   44.81 0.78461920e-18    9.87
      11750.0000  0.23037613e-16  -92.07 0.36443923e-13   44.80 0.60925022e-18   21.53
      12000.0000  0.21627222e-16  -92.07 0.34212194e-13   44.80 0.47497318e-18   32.66
      12250.0000  0.20329699e-16  -92.06 0.32159082e-13   44.80 0.37186759e-18   43.30
      12500.0000  0.19133953e-16  -92.06 0.30267087e-13   44.79 0.29247090e-18   53.49
      12750.0000  0.18030183e-16  -92.06 0.28520713e-13   44.79 0.23114115e-18   63.30
      13000.0000  0.17009703e-16  -92.06 0.26906214e-13   44.78 0.18359943e-18   72.77
      13250.0000  0.16064799e-16  -92.06 0.25411366e-13   44.78 0.14659558e-18   81.97
      13500.0000  0.15188599e-16  -92.06 0.24025282e-13   44.78 0.11765967e-18   90.94
      13750.0000  0.14374970e-16  -92.06 0.22738239e-13   44.77 0.94915162e-19   99.76
      14000.0000  0.13618424e-16  -92.05 0.21541541e-13   44.77 0.76936893e-19  108.47
      14250.0000  0.12914043e-16  -92.05 0.20427394e-13   44.77 0.62642647e-19  117.10
      14500.0000  0.12257407e-16  -92.05 0.19388794e-13   44.76 0.51210140e-19  125.71
      14750.0000  0.11644538e-16  -92.05 0.18419442e-13   44.76 0.42013506e-19  134.31
      15000.0000  0.11071852e-16  -92.05 0.17513659e-13   44.76 0.34574965e-19  142.93
   % Range crossline_B_amp crossline_B_phs inline_e_amp inline_e_phs  vertical_e_amp vertical_e_phs 
          0.0000  0.36319650e-12 -179.45 0.17537254e-07    0.32 0.17330800e-06    0.55
        250.0000  0.39438328e-12 -174.34 0.68744920e-10  178.59 0.60397523e-09 -179.21
        500.0000  0.58468702e-13 -164.86 0.98321503e-10 -167.00 0.54468146e-10 -176.04
        750.0000  0.16896922e-13 -153.05 0.30957658e-10 -155.24 0.12560763e-10 -169.53
       1000.0000  0.63409792e-14 -139.70 0.11928188e-10 -141.92 0.41946248e-11 -160.38
       1250.0000  0.27406145e-14 -125.07 0.52226533e-11 -127.31 0.16857166e-11 -149.43
       1500.0000  0.13018603e-14 -109.31 0.25014469e-11 -111.56 0.75696024e-12 -137.10
       1750.0000  0.66542578e-15  -92.62 0.12864775e-11  -94.90 0.36749802e-12 -123.56
       2000.0000  0.36145196e-15  -75.36 0.70218762e-12  -77.68 0.18991385e-12 -108.94
       2250.0000  0.20649250e-15  -57.86 0.40264032e-12  -60.25 0.10353051e-12  -93.46
       2500.0000  0.12282013e-15  -40.41 0.24013617e-12  -42.88 0.59099959e-13  -77.38
       2750.0000  0.75347035e-16  -23.17 0.14759536e-12  -25.70 0.35063890e-13  -60.98
       3000.0000  0.47299815e-16   -6.18 0.92772515e-13   -8.77 0.21458596e-13  -44.46
       3250.0000  0.30199156e-16   10.57 0.59282290e-13    7.93 0.13451755e-13  -27.96
       3500.0000  0.19522441e-16   27.13 0.38345474e-13   24.46 0.85870911e-14  -11.52
       3750.0000  0.12738072e-16   43.55 0.25029732e-13   40.86 0.55566556e-14    4.84
       4000.0000  0.83702267e-17   59.88 0.16451782e-13   57.17 0.36324641e-14   21.14
       4250.0000  0.55303053e-17   76.15 0.10872174e-13   73.43 0.23929759e-14   37.38
       4500.0000  0.36698113e-17   92.40 0.72157582e-14   89.67 0.15858309e-14   53.60
       4750.0000  0.24437406e-17  108.65 0.48056351e-14  105.92 0.10558591e-14   69.82
       5000.0000  0.16319569e-17  124.92 0.32096171e-14  122.18 0.70564508e-15   86.04
       5250.0000  0.10924427e-17  141.23 0.21487558e-14  138.49 0.47304888e-15  102.28
       5500.0000  0.73278284e-18  157.59 0.14414704e-14  154.85 0.31794434e-15  118.55
       5750.0000  0.49242456e-18  174.02 0.96875327e-15  171.29 0.21417431e-15  134.87
       6000.0000  0.33146953e-18 -169.45 0.65217495e-15 -172.18 0.14456058e-15  151.23
       6250.0000  0.22350802e-18 -152.80 0.43981264e-15 -155.53 0.97754669e-16  167.65
       6500.0000  0.15099262e-18 -136.03 0.29716299e-15 -138.75 0.66223364e-16 -175.85
       6750.0000  0.10222796e-18 -119.09 0.20122729e-15 -121.81 0.44946392e-16 -159.28
       7000.0000  0.69399273e-19 -101.98 0.13663669e-15 -104.69 0.30567296e-16 -142.61
       7250.0000  0.47273990e-19  -84.67 0.93100048e-16  -87.38 0.20836000e-16 -125.84
       7500.0000  0.32342885e-19  -67.16 0.63715259e-16  -69.87 0.14240771e-16 -108.96
       7750.0000  0.22249618e-19  -49.45 0.43847626e-16  -52.16 0.97640951e-17  -91.98
       8000.0000  0.15410675e-19  -31.57 0.30382460e-16  -34.29 0.67200917e-17  -74.90
       8250.0000  0.10761458e-19  -13.56 0.21225736e-16  -16.29 0.46458788e-17  -57.73
       8500.0000  0.75862778e-20    4.50 0.14969711e-16    1.76 0.32287825e-17  -40.50
       8750.0000  0.54042768e-20   22.52 0.10668551e-16   19.75 0.22574464e-17  -23.25
       9000.0000  0.38927256e-20   40.38 0.76874436e-17   37.58 0.15889289e-17   -6.03
       9250.0000  0.28353219e-20   57.96 0.56008869e-17   55.12 0.11265213e-17   11.10
       9500.0000  0.20872622e-20   75.14 0.41239830e-17   72.26 0.80477062e-18   28.05
       9750.0000  0.15516182e-20   91.81 0.30659679e-17   88.90 0.57935473e-18   44.76
      10000.0000  0.11633771e-20  107.91 0.22988294e-17  104.96 0.42023107e-18   61.15
      10250.0000  0.87871274e-21  123.38 0.17362165e-17  120.39 0.30699984e-18   77.12
      10500.0000  0.66782700e-21  138.20 0.13193720e-17  135.16 0.22576777e-18   92.64
      10750.0000  0.51021682e-21  152.35 0.10078335e-17  149.27 0.16703033e-18  107.63
      11000.0000  0.39156992e-21  165.85 0.77333351e-18  162.74 0.12424522e-18  122.05
      11250.0000  0.30173773e-21  178.71 0.59581406e-18  175.56 0.92874137e-19  135.89
      11500.0000  0.23341138e-21 -169.04 0.46082196e-18 -172.22 0.69740296e-19  149.12
      11750.0000  0.18125148e-21 -157.36 0.35779498e-18 -160.57 0.52598001e-19  161.73
      12000.0000  0.14130953e-21 -146.22 0.27892097e-18 -149.46 0.39843782e-19  173.73
      12250.0000  0.11063684e-21 -135.58 0.21836595e-18 -138.84 0.30321591e-19 -174.88
      12500.0000  0.87015197e-22 -125.38 0.17174169e-18 -128.67 0.23190623e-19 -164.08
      12750.0000  0.68767368e-22 -115.56 0.13573098e-18 -118.88 0.17834721e-19 -153.82
      13000.0000  0.54621185e-22 -106.08 0.10781856e-18 -109.42 0.13799583e-19 -144.08
      13250.0000  0.43610197e-22  -96.88 0.86094307e-19 -100.24 0.10748720e-19 -134.78
      13500.0000  0.34999843e-22  -87.89 0.69107041e-19  -91.27 0.84322009e-20 -125.87
      13750.0000  0.28231949e-22  -79.07 0.55754514e-19  -82.46 0.66641246e-20 -117.27
      14000.0000  0.22882533e-22  -70.36 0.45199845e-19  -73.76 0.53062419e-20 -108.90
      14250.0000  0.18629587e-22  -61.72 0.36807698e-19  -65.13 0.42558477e-20 -100.68
      14500.0000  0.15228411e-22  -53.11 0.30095424e-19  -56.52 0.34367857e-20  -92.55
      14750.0000  0.12492731e-22  -44.50 0.24695725e-19  -47.92 0.27926484e-20  -84.44
      15000.0000  0.10280331e-22  -35.87 0.20328226e-19  -39.31 0.22817002e-20  -76.30
