     0.0000  0.30090490e-10    0.57 0.29979011e-06  179.82 0.53109918e-08    0.13
        250.0000  0.91932272e-12    5.64 0.51197540e-08    5.77 0.11384911e-08    2.56
        500.0000  0.15377826e-12   13.68 0.10721360e-08   13.29 0.19143437e-09    7.51
        750.0000  0.34885128e-13   26.64 0.38798269e-09   21.21 0.58352048e-10   13.93
       1000.0000  0.66824964e-14   66.53 0.17662742e-09   29.26 0.23028279e-10   21.53
       1250.0000  0.50130648e-14  163.00 0.91690488e-10   37.17 0.10545125e-10   30.21
       1500.0000  0.62161682e-14 -172.19 0.51839099e-10   44.71 0.53547450e-11   39.90
       1750.0000  0.60027605e-14 -161.15 0.31080174e-10   51.68 0.29475838e-11   50.39
       2000.0000  0.52976314e-14 -153.21 0.19417603e-10   57.91 0.17324757e-11   61.41
       2250.0000  0.45082227e-14 -146.52 0.12488837e-10   63.27 0.10734078e-11   72.68
       2500.0000  0.37770859e-14 -140.53 0.82000384e-11   67.58 0.69299709e-12   84.00
       2750.0000  0.31441911e-14 -135.05 0.54670002e-11   70.64 0.46159426e-12   95.26
       3000.0000  0.26118172e-14 -130.01 0.36922876e-11   72.20 0.31471682e-12  106.41
       3250.0000  0.21697027e-14 -125.38 0.25293626e-11   71.93 0.21833795e-12  117.46
       3500.0000  0.18046241e-14 -121.14 0.17682683e-11   69.57 0.15346728e-12  128.43
       3750.0000  0.15038606e-14 -117.29 0.12762788e-11   65.02 0.10895418e-12  139.35
       4000.0000  0.12562701e-14 -113.84 0.96497801e-12   58.70 0.77958521e-13  150.23
       4250.0000  0.10524605e-14 -110.79 0.77177004e-12   51.61 0.56130194e-13  161.11
       4500.0000  0.88464310e-15 -108.13 0.65110964e-12   44.99 0.40621497e-13  171.99
       4750.0000  0.74640091e-15 -105.86 0.57152136e-12   39.68 0.29525183e-13 -177.10
       5000.0000  0.63245653e-15 -103.97 0.51357273e-12   35.92 0.21540689e-13 -166.16
       5250.0000  0.53846849e-15 -102.45 0.46667198e-12   33.55 0.15768452e-13 -155.17
       5500.0000  0.46086139e-15 -101.26 0.42565545e-12   32.25 0.11579162e-13 -144.13
       5750.0000  0.39668753e-15 -100.39 0.38825965e-12   31.73 0.85285280e-14 -133.02
       6000.0000  0.34351546e-15  -99.80 0.35361419e-12   31.72 0.63005361e-14 -121.83
       6250.0000  0.29934031e-15  -99.44 0.32144960e-12   32.04 0.46690400e-14 -110.56
       6500.0000  0.26251134e-15  -99.28 0.29171409e-12   32.56 0.34713870e-14  -99.21
       6750.0000  0.23167302e-15  -99.26 0.26440216e-12   33.17 0.25901026e-14  -87.77
       7000.0000  0.20571628e-15  -99.35 0.23948688e-12   33.81 0.19400464e-14  -76.25
       7250.0000  0.18373775e-15  -99.52 0.21690042e-12   34.42 0.14593325e-14  -64.65
       7500.0000  0.16500509e-15  -99.73 0.19653531e-12   34.98 0.11028690e-14  -53.00
       7750.0000  0.14892734e-15  -99.95 0.17825347e-12   35.47 0.83773354e-15  -41.29
       8000.0000  0.13502953e-15 -100.17 0.16189696e-12   35.88 0.63984804e-15  -29.58
       8250.0000  0.12293096e-15 -100.37 0.14729785e-12   36.20 0.49157778e-15  -17.87
       8500.0000  0.11232689e-15 -100.55 0.13428630e-12   36.45 0.37999145e-15   -6.21
       8750.0000  0.10297329e-15 -100.71 0.12269666e-12   36.63 0.29559652e-15    5.36
       9000.0000  0.94674267e-16 -100.83 0.11237179e-12   36.74 0.23141748e-15   16.80
       9250.0000  0.87271933e-16 -100.93 0.10316581e-12   36.80 0.18232248e-15   28.08
       9500.0000  0.80638252e-16 -101.00 0.94945656e-13   36.82 0.14453055e-15   39.15
       9750.0000  0.74668636e-16 -101.04 0.87591675e-13   36.80 0.11525065e-15   49.99
      10000.0000  0.69276924e-16 -101.07 0.80997479e-13   36.76 0.92417058e-16   60.57
      10250.0000  0.64391478e-16 -101.09 0.75069373e-13   36.71 0.74495657e-16   70.86
      10500.0000  0.59952168e-16 -101.09 0.69725435e-13   36.64 0.60342147e-16   80.86
      10750.0000  0.55908055e-16 -101.08 0.64894431e-13   36.57 0.49098504e-16   90.56
      11000.0000  0.52215596e-16 -101.07 0.60514662e-13   36.50 0.40117441e-16   99.96
      11250.0000  0.48837267e-16 -101.05 0.56532816e-13   36.43 0.32907351e-16  109.05
      11500.0000  0.45740493e-16 -101.03 0.52902873e-13   36.37 0.27092199e-16  117.85
      11750.0000  0.42896813e-16 -101.01 0.49585102e-13   36.30 0.22382237e-16  126.36
      12000.0000  0.40281223e-16 -100.99 0.46545161e-13   36.25 0.18552595e-16  134.61
      12250.0000  0.37871650e-16 -100.97 0.43753305e-13   36.20 0.15427544e-16  142.60
      12500.0000  0.35648534e-16 -100.94 0.41183697e-13   36.15 0.12868872e-16  150.36
      12750.0000  0.33594482e-16 -100.92 0.38813827e-13   36.12 0.10767237e-16  157.90
      13000.0000  0.31693987e-16 -100.91 0.36624008e-13   36.08 0.90356888e-17  165.23
      13250.0000  0.29933187e-16 -100.89 0.34596960e-13   36.06 0.76047645e-17  172.39
      13500.0000  0.28299667e-16 -100.87 0.32717457e-13   36.03 0.64187545e-17  179.39
      13750.0000  0.26782284e-16 -100.86 0.30972034e-13   36.01 0.54328257e-17 -173.75
      14000.0000  0.25371024e-16 -100.85 0.29348737e-13   35.99 0.46107920e-17 -167.02
      14250.0000  0.24056871e-16 -100.84 0.27836921e-13   35.98 0.39233701e-17 -160.38
      14500.0000  0.22831697e-16 -100.83 0.26427072e-13   35.97 0.33468067e-17 -153.84
      14750.0000  0.21688160e-16 -100.82 0.25110664e-13   35.96 0.28617920e-17 -147.37
      15000.0000  0.20619625e-16 -100.81 0.23880034e-13   35.95 0.24525941e-17 -140.95
