 0.0000  0.36322435e-12 -179.72 0.17537467e-07    0.16 0.17332130e-06    0.28
        250.0000  0.39592587e-12 -177.14 0.70445641e-10  179.69 0.60107490e-09 -179.65
        500.0000  0.59692406e-13 -172.17 0.10049717e-09 -173.21 0.53513400e-10 -178.35
        750.0000  0.17775451e-13 -165.73 0.32597145e-10 -166.79 0.12237924e-10 -175.56
       1000.0000  0.69569026e-14 -158.12 0.13099055e-10 -159.18 0.40982233e-11 -171.47
       1250.0000  0.31721878e-14 -149.43 0.60512498e-11 -150.49 0.16711346e-11 -166.37
       1500.0000  0.16064014e-14 -139.75 0.30898054e-11 -140.81 0.77050437e-12 -160.36
       1750.0000  0.88247948e-15 -129.25 0.17076496e-11 -130.33 0.38869384e-12 -153.40
       2000.0000  0.51788924e-15 -118.22 0.10067402e-11 -119.32 0.21106327e-12 -145.48
       2250.0000  0.32050469e-15 -106.93 0.62516876e-12 -108.08 0.12204678e-12 -136.68
       2500.0000  0.20674748e-15  -95.59 0.40427030e-12  -96.79 0.74435342e-13 -127.18
       2750.0000  0.13763111e-15  -84.32 0.26958546e-12  -85.55 0.47426898e-13 -117.19
       3000.0000  0.93799854e-16  -73.16 0.18394912e-12  -74.42 0.31283328e-13 -106.88
       3250.0000  0.65056637e-16  -62.10 0.12768574e-12  -63.39 0.21192513e-13  -96.40
       3500.0000  0.45718784e-16  -51.12 0.89782786e-13  -52.43 0.14649535e-13  -85.82
       3750.0000  0.32453627e-16  -40.20 0.63758506e-13  -41.52 0.10282129e-13  -75.19
       4000.0000  0.23218769e-16  -29.31 0.45629281e-13  -30.64 0.73007496e-14  -64.53
       4250.0000  0.16716250e-16  -18.43 0.32858046e-13  -19.77 0.52302413e-14  -53.85
       4500.0000  0.12096839e-16   -7.54 0.23782232e-13   -8.89 0.37732291e-14  -43.14
       4750.0000  0.87919809e-17    3.36 0.17287482e-13    2.01 0.27374171e-14  -32.42
       5000.0000  0.64140862e-17   14.30 0.12613496e-13   12.95 0.19951249e-14  -21.67
       5250.0000  0.46951232e-17   25.29 0.92341788e-14   23.94 0.14597728e-14  -10.90
       5500.0000  0.34476135e-17   36.34 0.67813809e-14   34.98 0.10716673e-14   -0.10
       5750.0000  0.25392127e-17   47.45 0.49951286e-14   46.09 0.78910561e-15   10.73
       6000.0000  0.18757958e-17   58.64 0.36904780e-14   57.28 0.58264641e-15   21.60
       6250.0000  0.13900094e-17   69.91 0.27350609e-14   68.55 0.43132796e-15   32.50
       6500.0000  0.10334133e-17   81.26 0.20336640e-14   79.90 0.32012318e-15   43.44
       6750.0000  0.77102302e-18   92.70 0.15175143e-14   91.34 0.23819866e-15   54.43
       7000.0000  0.57748446e-18  104.22 0.11367648e-14  102.86 0.17770805e-15   65.46
       7250.0000  0.43436896e-18  115.82 0.85518180e-15  114.45 0.13294649e-15   76.52
       7500.0000  0.32824910e-18  127.48 0.64636286e-15  126.11 0.99752746e-16   87.62
       7750.0000  0.24932150e-18  139.18 0.49103054e-15  137.80 0.75083275e-16   98.76
       8000.0000  0.19041648e-18  150.90 0.37508568e-15  149.52 0.56706852e-16  109.91
       8250.0000  0.14628309e-18  162.61 0.28820174e-15  161.22 0.42984509e-16  121.07
       8500.0000  0.11307091e-18  174.27 0.22280617e-15  172.87 0.32710218e-16  132.22
       8750.0000  0.87953541e-19 -174.16 0.17333997e-15 -175.57 0.24995157e-16  143.35
       9000.0000  0.68854043e-19 -162.71 0.13571796e-15 -164.13 0.19183337e-16  154.43
       9250.0000  0.54244485e-19 -151.43 0.10693452e-15 -152.87 0.14789955e-16  165.43
       9500.0000  0.42999188e-19 -140.35 0.84775077e-16 -141.80 0.11456233e-16  176.34
       9750.0000  0.34287228e-19 -129.51 0.67604679e-16 -130.97 0.89162801e-17 -172.89
      10000.0000  0.27493664e-19 -118.92 0.54213142e-16 -120.41 0.69727316e-17 -162.27
      10250.0000  0.22161834e-19 -108.62 0.43701581e-16 -110.12 0.54788243e-17 -151.83
      10500.0000  0.17951145e-19  -98.62 0.35399420e-16 -100.13 0.43251911e-17 -141.59
      10750.0000  0.14606234e-19  -88.91 0.28803758e-16  -90.44 0.34301270e-17 -131.59
      11000.0000  0.11934472e-19  -79.51 0.23535142e-16  -81.06 0.27324120e-17 -121.83
      11250.0000  0.97895757e-20  -70.42 0.19305337e-16  -71.97 0.21860180e-17 -112.33
      11500.0000  0.80596583e-20  -61.61 0.15893828e-16  -63.18 0.17562040e-17 -103.10
      11750.0000  0.66585153e-20  -53.09 0.13130682e-16  -54.68 0.14166347e-17  -94.14
      12000.0000  0.55192476e-20  -44.84 0.10883995e-16  -46.44 0.11472541e-17  -85.47
      12250.0000  0.45895787e-20  -36.84 0.90506792e-17  -38.45 0.93271310e-18  -77.07
      12500.0000  0.38283940e-20  -29.08 0.75496490e-17  -30.70 0.76120592e-18  -68.95
      12750.0000  0.32031683e-20  -21.54 0.63167534e-17  -23.17 0.62360662e-18  -61.09
      13000.0000  0.26880368e-20  -14.20 0.53009761e-17  -15.84 0.51282636e-18  -53.49
      13250.0000  0.22623370e-20   -7.04 0.44615615e-17   -8.69 0.42333311e-18  -46.12
      13500.0000  0.19094972e-20   -0.04 0.37658234e-17   -1.70 0.35079117e-18  -38.98
      13750.0000  0.16161811e-20    6.82 0.31874577e-17    5.16 0.29178904e-18  -32.03
      14000.0000  0.13716242e-20   13.56 0.27052342e-17   11.89 0.24363302e-18  -25.27
      14250.0000  0.11671151e-20   20.19 0.23019734e-17   18.52 0.20418961e-18  -18.67
      14500.0000  0.99558755e-21   26.74 0.19637404e-17   25.06 0.17176436e-18  -12.21
      14750.0000  0.85129690e-21   33.21 0.16792077e-17   31.53 0.14500832e-18   -5.86
      15000.0000  0.72956283e-21   39.63 0.14391470e-17   37.94 0.12284529e-18    0.39
