   % Range crossline_e_amp crossline_e_phs inline_B_amp inline_B_phs  vertical_B_amp vertical_B_phs 
          0.0000  0.30014263e-06  179.82 0.30084003e-10 -179.43 0.79941889e-12    0.35
        250.0000  0.40972692e-08  178.80 0.96158438e-13 -147.15 0.14963957e-11    5.20
        500.0000  0.83147865e-09  178.85 0.79136419e-13 -160.06 0.37959618e-12   13.46
        750.0000  0.32078860e-09 -179.64 0.57047022e-13 -160.16 0.16190751e-12   22.69
       1000.0000  0.16248300e-09 -176.70 0.40640892e-13 -157.47 0.85494912e-13   32.29
       1250.0000  0.95109972e-10 -172.72 0.29670300e-13 -153.73 0.50582192e-13   41.95
       1500.0000  0.60650569e-10 -168.16 0.22228451e-13 -149.48 0.32074702e-13   51.50
       1750.0000  0.40846384e-10 -163.35 0.17016475e-13 -144.98 0.21293159e-13   60.86
       2000.0000  0.28544242e-10 -158.56 0.13250744e-13 -140.39 0.14594920e-13   69.96
       2250.0000  0.20479902e-10 -153.95 0.10456975e-13 -135.83 0.10237479e-13   78.76
       2500.0000  0.14987131e-10 -149.66 0.83394606e-14 -131.40 0.73046956e-14   87.22
       2750.0000  0.11140072e-10 -145.78 0.67071463e-14 -127.14 0.52793261e-14   95.31
       3000.0000  0.83894095e-11 -142.40 0.54321487e-14 -123.13 0.38527030e-14  103.00
       3250.0000  0.63920301e-11 -139.58 0.44260177e-14 -119.40 0.28323360e-14  110.26
       3500.0000  0.49246426e-11 -137.35 0.36257594e-14 -115.98 0.20938381e-14  117.04
       3750.0000  0.38370199e-11 -135.75 0.29853501e-14 -112.90 0.15544590e-14  123.30
       4000.0000  0.30252806e-11 -134.78 0.24704215e-14 -110.17 0.11578105e-14  128.98
       4250.0000  0.24159277e-11 -134.39 0.20548302e-14 -107.82 0.86469556e-15  134.02
       4500.0000  0.19559665e-11 -134.52 0.17183799e-14 -105.82 0.64740935e-15  138.36
       4750.0000  0.16066109e-11 -135.08 0.14452687e-14 -104.19 0.48609450e-15  141.90
       5000.0000  0.13391838e-11 -135.95 0.12230051e-14 -102.90 0.36634759e-15  144.56
       5250.0000  0.11323839e-11 -136.98 0.10416348e-14 -101.92 0.27761113e-15  146.26
       5500.0000  0.97040643e-12 -138.08 0.89317949e-15 -101.23 0.21207011e-15  146.94
       5750.0000  0.84159498e-12 -139.13 0.77122121e-15 -100.77 0.16388057e-15  146.59
       6000.0000  0.73742789e-12 -140.08 0.67058902e-15 -100.51 0.12862381e-15  145.28
       6250.0000  0.65173198e-12 -140.89 0.58711849e-15 -100.40 0.10292205e-15  143.19
       6500.0000  0.58006617e-12 -141.55 0.51746258e-15 -100.40 0.84175873e-16  140.60
       6750.0000  0.51924414e-12 -142.05 0.45893976e-15 -100.47 0.70393324e-16  137.82
       7000.0000  0.46697315e-12 -142.43 0.40940977e-15 -100.58 0.60078384e-16  135.16
       7250.0000  0.42158823e-12 -142.70 0.36717056e-15 -100.71 0.52145872e-16  132.83
       7500.0000  0.38186140e-12 -142.88 0.33087255e-15 -100.83 0.45841266e-16  130.95
       7750.0000  0.34686803e-12 -143.00 0.29944730e-15 -100.94 0.40661110e-16  129.53
       8000.0000  0.31589460e-12 -143.07 0.27204885e-15 -101.04 0.36280329e-16  128.53
       8250.0000  0.28837610e-12 -143.12 0.24800594e-15 -101.11 0.32493092e-16  127.89
       8500.0000  0.26385382e-12 -143.15 0.22678369e-15 -101.15 0.29169336e-16  127.52
       8750.0000  0.24194697e-12 -143.17 0.20795322e-15 -101.18 0.26225252e-16  127.34
       9000.0000  0.22233372e-12 -143.19 0.19116795e-15 -101.20 0.23604392e-16  127.31
       9250.0000  0.20473823e-12 -143.21 0.17614518e-15 -101.19 0.21266144e-16  127.35
       9500.0000  0.18892177e-12 -143.23 0.16265202e-15 -101.18 0.19178969e-16  127.44
       9750.0000  0.17467636e-12 -143.26 0.15049466e-15 -101.17 0.17316599e-16  127.54
      10000.0000  0.16182015e-12 -143.30 0.13951014e-15 -101.14 0.15655992e-16  127.64
      10250.0000  0.15019379e-12 -143.33 0.12956018e-15 -101.12 0.14176297e-16  127.71
      10500.0000  0.13965755e-12 -143.37 0.12052645e-15 -101.09 0.12858381e-16  127.76
      10750.0000  0.13008888e-12 -143.41 0.11230690e-15 -101.07 0.11684631e-16  127.77
      11000.0000  0.12138033e-12 -143.45 0.10481298e-15 -101.05 0.10638896e-16  127.76
      11250.0000  0.11343771e-12 -143.50 0.97967465e-16 -101.02 0.97064617e-17  127.72
      11500.0000  0.10617843e-12 -143.53 0.91702675e-16 -101.00 0.88740405e-17  127.67
      11750.0000  0.99530070e-13 -143.57 0.85959105e-16 -100.99 0.81297286e-17  127.59
      12000.0000  0.93429080e-13 -143.61 0.80684277e-16 -100.97 0.74629481e-17  127.51
      12250.0000  0.87819624e-13 -143.64 0.75831791e-16 -100.96 0.68643648e-17  127.42
      12500.0000  0.82652577e-13 -143.67 0.71360538e-16 -100.95 0.63257900e-17  127.33
      12750.0000  0.77884638e-13 -143.69 0.67234022e-16 -100.94 0.58400730e-17  127.23
      13000.0000  0.73477560e-13 -143.72 0.63419789e-16 -100.93 0.54009896e-17  127.15
      13250.0000  0.69397483e-13 -143.74 0.59888929e-16 -100.92 0.50031338e-17  127.06
      13500.0000  0.65614358e-13 -143.76 0.56615647e-16 -100.91 0.46418137e-17  126.98
      13750.0000  0.62101449e-13 -143.78 0.53576889e-16 -100.90 0.43129563e-17  126.91
      14000.0000  0.58834907e-13 -143.79 0.50752019e-16 -100.90 0.40130216e-17  126.85
      14250.0000  0.55793409e-13 -143.81 0.48122531e-16 -100.89 0.37389271e-17  126.79
      14500.0000  0.52957840e-13 -143.82 0.45671802e-16 -100.89 0.34879818e-17  126.73
      14750.0000  0.50311023e-13 -143.83 0.43384878e-16 -100.88 0.32578293e-17  126.69
      15000.0000  0.47837493e-13 -143.84 0.41248280e-16 -100.88 0.30463999e-17  126.64
   % Range crossline_B_amp crossline_B_phs inline_e_amp inline_e_phs  vertical_e_amp vertical_e_phs 
          0.0000  0.30090474e-10    0.57 0.29979014e-06  179.82 0.53109918e-08    0.13
        250.0000  0.91930765e-12    5.64 0.51197257e-08    5.77 0.11384900e-08    2.56
        500.0000  0.15376494e-12   13.68 0.10721111e-08   13.29 0.19143240e-09    7.51
        750.0000  0.34874472e-13   26.65 0.38796218e-09   21.21 0.58349539e-10   13.93
       1000.0000  0.66776432e-14   66.60 0.17661137e-09   29.26 0.23025580e-10   21.53
       1250.0000  0.50185747e-14  163.05 0.91678414e-10   37.17 0.10542537e-10   30.23
       1500.0000  0.62201562e-14 -172.17 0.51830249e-10   44.71 0.53524706e-11   39.93
       1750.0000  0.60047557e-14 -161.12 0.31073816e-10   51.67 0.29457094e-11   50.45
       2000.0000  0.52979314e-14 -153.17 0.19413202e-10   57.89 0.17309829e-11   61.50
       2250.0000  0.45071798e-14 -146.45 0.12486108e-10   63.22 0.10722139e-11   72.81
       2500.0000  0.37750284e-14 -140.45 0.81989124e-11   67.50 0.69200127e-12   84.16
       2750.0000  0.31414042e-14 -134.95 0.54675405e-11   70.51 0.46071068e-12   95.44
       3000.0000  0.26085407e-14 -129.90 0.36946023e-11   72.00 0.31388868e-12  106.61
       3250.0000  0.21661358e-14 -125.25 0.25335110e-11   71.67 0.21753711e-12  117.66
       3500.0000  0.18009319e-14 -121.00 0.17741585e-11   69.25 0.15268698e-12  128.63
       3750.0000  0.15001788e-14 -117.16 0.12835601e-11   64.68 0.10820020e-12  139.53
       4000.0000  0.12527095e-14 -113.71 0.97299434e-12   58.41 0.77241902e-13  150.40
       4250.0000  0.10491086e-14 -110.67 0.77968916e-12   51.45 0.55462244e-13  161.26
       4500.0000  0.88156591e-15 -108.03 0.65821052e-12   44.99 0.40011050e-13  172.13
       4750.0000  0.74364388e-15 -105.78 0.57740351e-12   39.82 0.28977511e-13 -176.97
       5000.0000  0.63004599e-15 -103.92 0.51814911e-12   36.17 0.21057499e-13 -166.03
       5250.0000  0.53641331e-15 -102.43 0.47004765e-12   33.87 0.15348440e-13 -155.03
       5500.0000  0.45915510e-15 -101.27 0.42801649e-12   32.61 0.11218796e-13 -143.97
       5750.0000  0.39531098e-15 -100.43 0.38980793e-12   32.09 0.82228272e-14 -132.83
       6000.0000  0.34243979e-15  -99.87 0.35453708e-12   32.08 0.60437523e-14 -121.59
       6250.0000  0.29853002e-15  -99.53 0.32190867e-12   32.38 0.44551812e-14 -110.26
       6500.0000  0.26192742e-15  -99.38 0.29184270e-12   32.87 0.32945932e-14  -98.83
       6750.0000  0.23127571e-15  -99.38 0.26430701e-12   33.45 0.24448881e-14  -87.29
       7000.0000  0.20546742e-15  -99.47 0.23925098e-12   34.05 0.18214372e-14  -75.65
       7250.0000  0.18360250e-15  -99.64 0.21658650e-12   34.63 0.13629270e-14  -63.91
       7500.0000  0.16495307e-15  -99.84 0.19618919e-12   35.15 0.10248445e-14  -52.09
       7750.0000  0.14893316e-15 -100.05 0.17790722e-12   35.60 0.77481952e-15  -40.21
       8000.0000  0.13507280e-15 -100.26 0.16157170e-12   35.98 0.58927996e-15  -28.29
       8250.0000  0.12299595e-15 -100.45 0.14700622e-12   36.27 0.45104204e-15  -16.37
       8500.0000  0.11240202e-15 -100.61 0.13403457e-12   36.49 0.34756819e-15   -4.50
       8750.0000  0.10305043e-15 -100.75 0.12248653e-12   36.65 0.26970445e-15    7.28
       9000.0000  0.94748061e-16 -100.86 0.11220183e-12   36.74 0.21076302e-15   18.93
       9250.0000  0.87339162e-16 -100.95 0.10303262e-12   36.79 0.16585410e-15   30.40
       9500.0000  0.80697272e-16 -101.01 0.94844778e-13   36.80 0.13139864e-15   41.64
       9750.0000  0.74718916e-16 -101.05 0.87518210e-13   36.78 0.10477251e-15   52.62
      10000.0000  0.69318667e-16 -101.07 0.80946571e-13   36.73 0.84046927e-16   63.32
      10250.0000  0.64425339e-16 -101.08 0.75036497e-13   36.68 0.67799102e-16   73.70
      10500.0000  0.59979045e-16 -101.08 0.69706565e-13   36.61 0.54974547e-16   83.76
      10750.0000  0.55928937e-16 -101.07 0.64886118e-13   36.54 0.44787144e-16   93.48
      11000.0000  0.52231470e-16 -101.06 0.60514047e-13   36.47 0.36646795e-16  102.88
      11250.0000  0.48849054e-16 -101.04 0.56537591e-13   36.41 0.30107147e-16  111.96
      11500.0000  0.45749016e-16 -101.02 0.52911230e-13   36.35 0.24827825e-16  120.73
      11750.0000  0.42902781e-16 -101.00 0.49595659e-13   36.29 0.20547121e-16  129.20
      12000.0000  0.40285231e-16 -100.97 0.46556893e-13   36.24 0.17062188e-16  137.38
      12250.0000  0.37874185e-16 -100.95 0.43765474e-13   36.19 0.14214600e-16  145.31
      12500.0000  0.35649987e-16 -100.93 0.41195793e-13   36.15 0.11879759e-16  152.99
      12750.0000  0.33595161e-16 -100.91 0.38825511e-13   36.11 0.99590629e-17  160.46
      13000.0000  0.31694129e-16 -100.90 0.36635072e-13   36.08 0.83740547e-17  167.73
      13250.0000  0.29932972e-16 -100.88 0.34607289e-13   36.06 0.70620156e-17  174.82
      13500.0000  0.28299227e-16 -100.86 0.32727004e-13   36.03 0.59726073e-17 -178.25
      13750.0000  0.26781718e-16 -100.85 0.30980796e-13   36.01 0.50652908e-17 -171.45
      14000.0000  0.25370401e-16 -100.84 0.29356740e-13   36.00 0.43073234e-17 -164.77
      14250.0000  0.24056239e-16 -100.83 0.27844209e-13   35.99 0.36721906e-17 -158.18
      14500.0000  0.22831087e-16 -100.82 0.26433697e-13   35.98 0.31383711e-17 -151.67
      14750.0000  0.21687594e-16 -100.81 0.25116685e-13   35.97 0.26883567e-17 -145.23
      15000.0000  0.20619115e-16 -100.80 0.23885507e-13   35.96 0.23078721e-17 -138.83
   % Range crossline_B_amp crossline_B_phs inline_e_amp inline_e_phs  vertical_e_amp vertical_e_phs 
          0.0000  0.36322435e-12 -179.72 0.17537467e-07    0.16 0.17332130e-06    0.28
        250.0000  0.39592554e-12 -177.14 0.70444979e-10  179.69 0.60107553e-09 -179.65
        500.0000  0.59691820e-13 -172.17 0.10049602e-09 -173.21 0.53513972e-10 -178.35
        750.0000  0.17774703e-13 -165.73 0.32595677e-10 -166.78 0.12238401e-10 -175.56
       1000.0000  0.69560974e-14 -158.11 0.13097479e-10 -159.18 0.40985929e-11 -171.47
       1250.0000  0.31714147e-14 -149.41 0.60497412e-11 -150.47 0.16713995e-11 -166.37
       1500.0000  0.16057214e-14 -139.71 0.30884827e-11 -140.77 0.77067929e-12 -160.36
       1750.0000  0.88191856e-15 -129.19 0.17065614e-11 -130.26 0.38879894e-12 -153.39
       2000.0000  0.51744242e-15 -118.12 0.10058740e-11 -119.23 0.21111944e-12 -145.44
       2250.0000  0.32014760e-15 -106.80 0.62447506e-12 -107.95 0.12207182e-12 -136.61
       2500.0000  0.20645014e-15  -95.43 0.40368991e-12  -96.62 0.74442001e-13 -127.05
       2750.0000  0.13736783e-15  -84.14 0.26906851e-12  -85.37 0.47422855e-13 -117.00
       3000.0000  0.93553538e-16  -72.96 0.18346299e-12  -74.22 0.31272501e-13 -106.63
       3250.0000  0.64818731e-16  -61.90 0.12721459e-12  -63.19 0.21176710e-13  -96.08
       3500.0000  0.45487124e-16  -50.92 0.89323196e-13  -52.23 0.14629727e-13  -85.45
       3750.0000  0.32229834e-16  -40.01 0.63314241e-13  -41.34 0.10259151e-13  -74.77
       4000.0000  0.23006063e-16  -29.14 0.45207045e-13  -30.47 0.72755430e-14  -64.07
       4250.0000  0.16517963e-16  -18.28 0.32464594e-13  -19.62 0.52038400e-14  -53.36
       4500.0000  0.11915586e-16   -7.40 0.23422786e-13   -8.75 0.37466538e-14  -42.63
       4750.0000  0.86293324e-17    3.49 0.16965134e-13    2.15 0.27115678e-14  -31.89
       5000.0000  0.62705565e-17   14.43 0.12329218e-13   13.08 0.19707120e-14  -21.12
       5250.0000  0.45703348e-17   25.43 0.89871685e-14   24.08 0.14372926e-14  -10.33
       5500.0000  0.33405258e-17   36.49 0.65695251e-14   35.14 0.10514107e-14    0.49
       5750.0000  0.24483539e-17   47.64 0.48154697e-14   46.29 0.77118902e-15   11.34
       6000.0000  0.17994640e-17   58.87 0.35396124e-14   57.52 0.56705022e-15   22.24
       6250.0000  0.13264287e-17   70.20 0.26094484e-14   68.85 0.41793634e-15   33.19
       6500.0000  0.98084546e-18   81.63 0.19298470e-14   80.28 0.30875915e-15   44.18
       6750.0000  0.72784013e-18   93.17 0.14322596e-14   91.82 0.22865256e-15   55.22
       7000.0000  0.54220976e-18  104.82 0.10671435e-14  103.46 0.16975891e-15   66.32
       7250.0000  0.40569513e-18  116.55 0.79860335e-15  115.20 0.12637695e-15   77.47
       7500.0000  0.30504048e-18  128.38 0.60057886e-15  127.02 0.94358702e-16   88.67
       7750.0000  0.23060622e-18  140.26 0.45411818e-15  138.90 0.70679290e-16   99.91
       8000.0000  0.17537290e-18  152.18 0.34542027e-15  150.81 0.53128650e-16  111.18
       8250.0000  0.13422343e-18  164.10 0.26442406e-15  162.72 0.40089371e-16  122.47
       8500.0000  0.10342438e-18  175.98 0.20378865e-15  174.59 0.30376084e-16  133.76
       8750.0000  0.80249922e-19 -172.23 0.15815416e-15 -173.63 0.23118957e-16  145.03
       9000.0000  0.62708629e-19 -160.58 0.12360453e-15 -161.99 0.17678955e-16  156.26
       9250.0000  0.49344517e-19 -149.11 0.97276390e-16 -150.54 0.13586085e-16  167.41
       9500.0000  0.39091927e-19 -137.86 0.77073726e-16 -139.31 0.10494282e-16  178.46
       9750.0000  0.31169578e-19 -126.87 0.61459635e-16 -128.33 0.81484256e-17 -170.63
      10000.0000  0.25003246e-19 -116.17 0.49304296e-16 -117.65 0.63601702e-17 -159.88
      10250.0000  0.20169387e-19 -105.79 0.39774158e-16 -107.28 0.49902344e-17 -149.33
      10500.0000  0.16354126e-19  -95.72 0.32251333e-16  -97.24 0.39354042e-17 -139.01
      10750.0000  0.13323492e-19  -85.99 0.26275091e-16  -87.52 0.31189975e-17 -128.93
      11000.0000  0.10901876e-19  -76.58 0.21499520e-16  -78.13 0.24838670e-17 -119.12
      11250.0000  0.89564583e-20  -67.50 0.17662916e-16  -69.06 0.19872656e-17 -109.60
      11500.0000  0.73859651e-20  -58.73 0.14565675e-16  -60.31 0.15970820e-17 -100.36
      11750.0000  0.61125357e-20  -50.26 0.12054299e-16  -51.85 0.12890788e-17  -91.43
      12000.0000  0.50758249e-20  -42.07 0.10009799e-16  -43.67 0.10448670e-17  -82.79
      12250.0000  0.42287050e-20  -34.14 0.83392313e-17  -35.75 0.85041864e-18  -74.45
      12500.0000  0.35341127e-20  -26.45 0.69694930e-17  -28.07 0.69497310e-18  -66.39
      12750.0000  0.29627182e-20  -18.98 0.58427304e-17  -20.61 0.57023037e-18  -58.61
      13000.0000  0.24911841e-20  -11.71 0.49129088e-17  -13.35 0.46975440e-18  -51.09
      13250.0000  0.21008543e-20   -4.62 0.41432277e-17   -6.27 0.38852958e-18  -43.80
      13500.0000  0.17767552e-20    2.32 0.35041514e-17    0.66 0.32262931e-18  -36.75
      13750.0000  0.15068279e-20    9.12 0.29718948e-17    7.45 0.26896693e-18  -29.89
      14000.0000  0.12813323e-20   15.81 0.25272476e-17   14.14 0.22510726e-18  -23.20
      14250.0000  0.10923808e-20   22.40 0.21546547e-17   20.72 0.18912307e-18  -16.67
      14500.0000  0.93357104e-21   28.91 0.18414906e-17   27.22 0.15948492e-18  -10.27
      14750.0000  0.79969437e-21   35.36 0.15774847e-17   33.67 0.13497612e-18   -3.97
      15000.0000  0.68650375e-21   41.75 0.13542634e-17   40.06 0.11462664e-18    2.25
