   % Range crossline_e_amp crossline_e_phs inline_B_amp inline_B_phs  vertical_B_amp vertical_B_phs 
          0.0000  0.30014260e-06  179.82 0.30084019e-10 -179.43 0.79941888e-12    0.35
        250.0000  0.40972395e-08  178.80 0.96170235e-13 -147.16 0.14963956e-11    5.20
        500.0000  0.83144978e-09  178.85 0.79149974e-13 -160.07 0.37959592e-12   13.46
        750.0000  0.32076120e-09 -179.64 0.57060068e-13 -160.17 0.16190718e-12   22.69
       1000.0000  0.16245758e-09 -176.69 0.40652961e-13 -157.48 0.85494538e-13   32.29
       1250.0000  0.95086862e-10 -172.72 0.29681205e-13 -153.74 0.50581810e-13   41.95
       1500.0000  0.60629938e-10 -168.15 0.22238129e-13 -149.50 0.32074335e-13   51.50
       1750.0000  0.40828247e-10 -163.35 0.17024941e-13 -144.99 0.21292819e-13   60.87
       2000.0000  0.28528499e-10 -158.55 0.13258063e-13 -140.41 0.14594612e-13   69.97
       2250.0000  0.20466378e-10 -153.94 0.10463239e-13 -135.85 0.10237200e-13   78.77
       2500.0000  0.14975615e-10 -149.65 0.83447756e-14 -131.41 0.73044417e-14   87.23
       2750.0000  0.11130341e-10 -145.77 0.67116193e-14 -127.16 0.52790906e-14   95.32
       3000.0000  0.83812509e-11 -142.40 0.54358816e-14 -123.14 0.38524798e-14  103.01
       3250.0000  0.63852477e-11 -139.57 0.44291046e-14 -119.41 0.28321198e-14  110.27
       3500.0000  0.49190610e-11 -137.35 0.36282853e-14 -115.99 0.20936253e-14  117.05
       3750.0000  0.38324838e-11 -135.76 0.29873913e-14 -112.90 0.15542472e-14  123.31
       4000.0000  0.30216512e-11 -134.79 0.24720466e-14 -110.17 0.11575991e-14  129.00
       4250.0000  0.24130796e-11 -134.41 0.20561010e-14 -107.81 0.86448479e-15  134.05
       4500.0000  0.19537835e-11 -134.56 0.17193520e-14 -105.82 0.64720064e-15  138.38
       4750.0000  0.16049845e-11 -135.12 0.14459924e-14 -104.18 0.48588999e-15  141.93
       5000.0000  0.13380125e-11 -135.99 0.12235254e-14 -102.89 0.36614999e-15  144.59
       5250.0000  0.11315740e-11 -137.03 0.10419920e-14 -101.91 0.27742360e-15  146.29
       5500.0000  0.96987449e-12 -138.13 0.89340922e-15 -101.21 0.21189605e-15  146.96
       5750.0000  0.84126892e-12 -139.18 0.77135412e-15 -100.75 0.16372334e-15  146.61
       6000.0000  0.73724822e-12 -140.13 0.67065112e-15 -100.49 0.12848643e-15  145.29
       6250.0000  0.65165152e-12 -140.93 0.58713118e-15 -100.38 0.10280661e-15  143.19
       6500.0000  0.58004903e-12 -141.58 0.51744293e-15 -100.39 0.84083078e-16  140.58
       6750.0000  0.51926406e-12 -142.09 0.45890090e-15 -100.46 0.70322298e-16  137.79
       7000.0000  0.46701172e-12 -142.46 0.40936136e-15 -100.57 0.60026827e-16  135.12
       7250.0000  0.42163309e-12 -142.72 0.36711941e-15 -100.70 0.52110594e-16  132.79
       7500.0000  0.38190477e-12 -142.90 0.33082309e-15 -100.83 0.45818797e-16  130.90
       7750.0000  0.34690541e-12 -143.01 0.29940221e-15 -100.94 0.40648177e-16  129.48
       8000.0000  0.31592377e-12 -143.08 0.27200946e-15 -101.04 0.36274126e-16  128.49
       8250.0000  0.28839640e-12 -143.13 0.24797268e-15 -101.11 0.32491366e-16  127.85
       8500.0000  0.26386554e-12 -143.15 0.22675638e-15 -101.16 0.29170374e-16  127.48
       8750.0000  0.24195099e-12 -143.17 0.20793135e-15 -101.19 0.26227804e-16  127.31
       9000.0000  0.22233118e-12 -143.19 0.19115081e-15 -101.20 0.23607587e-16  127.28
       9250.0000  0.20473039e-12 -143.21 0.17613201e-15 -101.20 0.21269402e-16  127.33
       9500.0000  0.18890982e-12 -143.23 0.16264209e-15 -101.19 0.19181934e-16  127.42
       9750.0000  0.17466142e-12 -143.26 0.15048729e-15 -101.17 0.17319075e-16  127.53
      10000.0000  0.16180317e-12 -143.30 0.13950475e-15 -101.15 0.15657896e-16  127.63
      10250.0000  0.15017558e-12 -143.34 0.12955628e-15 -101.12 0.14177624e-16  127.70
      10500.0000  0.13963875e-12 -143.38 0.12052365e-15 -101.10 0.12859171e-16  127.75
      10750.0000  0.13006999e-12 -143.42 0.11230488e-15 -101.07 0.11684954e-16  127.77
      11000.0000  0.12136173e-12 -143.46 0.10481152e-15 -101.05 0.10638831e-16  127.76
      11250.0000  0.11341966e-12 -143.50 0.97966371e-16 -101.03 0.97060925e-17  127.72
      11500.0000  0.10616111e-12 -143.54 0.91701824e-16 -101.01 0.88734438e-17  127.67
      11750.0000  0.99513591e-13 -143.58 0.85958406e-16 -100.99 0.81289727e-17  127.59
      12000.0000  0.93413496e-13 -143.61 0.80683667e-16 -100.98 0.74620908e-17  127.51
      12250.0000  0.87804950e-13 -143.64 0.75831230e-16 -100.96 0.68634529e-17  127.42
      12500.0000  0.82638801e-13 -143.67 0.71359999e-16 -100.95 0.63248597e-17  127.32
      12750.0000  0.77871728e-13 -143.70 0.67233491e-16 -100.94 0.58391510e-17  127.23
      13000.0000  0.73465472e-13 -143.72 0.63419258e-16 -100.93 0.54000950e-17  127.14
      13250.0000  0.69386167e-13 -143.75 0.59888395e-16 -100.92 0.50022791e-17  127.06
      13500.0000  0.65603760e-13 -143.77 0.56615110e-16 -100.91 0.46410064e-17  126.98
      13750.0000  0.62091514e-13 -143.78 0.53576351e-16 -100.91 0.43121999e-17  126.91
      14000.0000  0.58825584e-13 -143.80 0.50751481e-16 -100.90 0.40123171e-17  126.84
      14250.0000  0.55784648e-13 -143.81 0.48121995e-16 -100.89 0.37382735e-17  126.78
      14500.0000  0.52949594e-13 -143.83 0.45671271e-16 -100.89 0.34873767e-17  126.73
      14750.0000  0.50303251e-13 -143.84 0.43384353e-16 -100.88 0.32572699e-17  126.68
      15000.0000  0.47830156e-13 -143.85 0.41247764e-16 -100.88 0.30458827e-17  126.64
   % Range crossline_B_amp crossline_B_phs inline_e_amp inline_e_phs  vertical_e_amp vertical_e_phs 
          0.0000  0.30090490e-10    0.57 0.29979011e-06  179.82 0.53109918e-08    0.13
        250.0000  0.91932272e-12    5.64 0.51197540e-08    5.77 0.11384911e-08    2.56
        500.0000  0.15377826e-12   13.68 0.10721360e-08   13.29 0.19143437e-09    7.51
        750.0000  0.34885128e-13   26.64 0.38798269e-09   21.21 0.58352048e-10   13.93
       1000.0000  0.66824964e-14   66.53 0.17662742e-09   29.26 0.23028279e-10   21.53
       1250.0000  0.50130648e-14  163.00 0.91690488e-10   37.17 0.10545125e-10   30.21
       1500.0000  0.62161682e-14 -172.19 0.51839099e-10   44.71 0.53547450e-11   39.90
       1750.0000  0.60027605e-14 -161.15 0.31080174e-10   51.68 0.29475838e-11   50.39
       2000.0000  0.52976314e-14 -153.21 0.19417603e-10   57.91 0.17324757e-11   61.41
       2250.0000  0.45082227e-14 -146.52 0.12488837e-10   63.27 0.10734078e-11   72.68
       2500.0000  0.37770859e-14 -140.53 0.82000384e-11   67.58 0.69299709e-12   84.00
       2750.0000  0.31441911e-14 -135.05 0.54670002e-11   70.64 0.46159426e-12   95.26
       3000.0000  0.26118172e-14 -130.01 0.36922876e-11   72.20 0.31471682e-12  106.41
       3250.0000  0.21697027e-14 -125.38 0.25293626e-11   71.93 0.21833795e-12  117.46
       3500.0000  0.18046241e-14 -121.14 0.17682683e-11   69.57 0.15346728e-12  128.43
       3750.0000  0.15038606e-14 -117.29 0.12762788e-11   65.02 0.10895418e-12  139.35
       4000.0000  0.12562701e-14 -113.84 0.96497801e-12   58.70 0.77958521e-13  150.23
       4250.0000  0.10524605e-14 -110.79 0.77177004e-12   51.61 0.56130194e-13  161.11
       4500.0000  0.88464310e-15 -108.13 0.65110964e-12   44.99 0.40621497e-13  171.99
       4750.0000  0.74640091e-15 -105.86 0.57152136e-12   39.68 0.29525183e-13 -177.10
       5000.0000  0.63245653e-15 -103.97 0.51357273e-12   35.92 0.21540689e-13 -166.16
       5250.0000  0.53846849e-15 -102.45 0.46667198e-12   33.55 0.15768452e-13 -155.17
       5500.0000  0.46086139e-15 -101.26 0.42565545e-12   32.25 0.11579162e-13 -144.13
       5750.0000  0.39668753e-15 -100.39 0.38825965e-12   31.73 0.85285280e-14 -133.02
       6000.0000  0.34351546e-15  -99.80 0.35361419e-12   31.72 0.63005361e-14 -121.83
       6250.0000  0.29934031e-15  -99.44 0.32144960e-12   32.04 0.46690400e-14 -110.56
       6500.0000  0.26251134e-15  -99.28 0.29171409e-12   32.56 0.34713870e-14  -99.21
       6750.0000  0.23167302e-15  -99.26 0.26440216e-12   33.17 0.25901026e-14  -87.77
       7000.0000  0.20571628e-15  -99.35 0.23948688e-12   33.81 0.19400464e-14  -76.25
       7250.0000  0.18373775e-15  -99.52 0.21690042e-12   34.42 0.14593325e-14  -64.65
       7500.0000  0.16500509e-15  -99.73 0.19653531e-12   34.98 0.11028690e-14  -53.00
       7750.0000  0.14892734e-15  -99.95 0.17825347e-12   35.47 0.83773354e-15  -41.29
       8000.0000  0.13502953e-15 -100.17 0.16189696e-12   35.88 0.63984804e-15  -29.58
       8250.0000  0.12293096e-15 -100.37 0.14729785e-12   36.20 0.49157778e-15  -17.87
       8500.0000  0.11232689e-15 -100.55 0.13428630e-12   36.45 0.37999145e-15   -6.21
       8750.0000  0.10297329e-15 -100.71 0.12269666e-12   36.63 0.29559652e-15    5.36
       9000.0000  0.94674267e-16 -100.83 0.11237179e-12   36.74 0.23141748e-15   16.80
       9250.0000  0.87271933e-16 -100.93 0.10316581e-12   36.80 0.18232248e-15   28.08
       9500.0000  0.80638252e-16 -101.00 0.94945656e-13   36.82 0.14453055e-15   39.15
       9750.0000  0.74668636e-16 -101.04 0.87591675e-13   36.80 0.11525065e-15   49.99
      10000.0000  0.69276924e-16 -101.07 0.80997479e-13   36.76 0.92417058e-16   60.57
      10250.0000  0.64391478e-16 -101.09 0.75069373e-13   36.71 0.74495657e-16   70.86
      10500.0000  0.59952168e-16 -101.09 0.69725435e-13   36.64 0.60342147e-16   80.86
      10750.0000  0.55908055e-16 -101.08 0.64894431e-13   36.57 0.49098504e-16   90.56
      11000.0000  0.52215596e-16 -101.07 0.60514662e-13   36.50 0.40117441e-16   99.96
      11250.0000  0.48837267e-16 -101.05 0.56532816e-13   36.43 0.32907351e-16  109.05
      11500.0000  0.45740493e-16 -101.03 0.52902873e-13   36.37 0.27092199e-16  117.85
      11750.0000  0.42896813e-16 -101.01 0.49585102e-13   36.30 0.22382237e-16  126.36
      12000.0000  0.40281223e-16 -100.99 0.46545161e-13   36.25 0.18552595e-16  134.61
      12250.0000  0.37871650e-16 -100.97 0.43753305e-13   36.20 0.15427544e-16  142.60
      12500.0000  0.35648534e-16 -100.94 0.41183697e-13   36.15 0.12868872e-16  150.36
      12750.0000  0.33594482e-16 -100.92 0.38813827e-13   36.12 0.10767237e-16  157.90
      13000.0000  0.31693987e-16 -100.91 0.36624008e-13   36.08 0.90356888e-17  165.23
      13250.0000  0.29933187e-16 -100.89 0.34596960e-13   36.06 0.76047645e-17  172.39
      13500.0000  0.28299667e-16 -100.87 0.32717457e-13   36.03 0.64187545e-17  179.39
      13750.0000  0.26782284e-16 -100.86 0.30972034e-13   36.01 0.54328257e-17 -173.75
      14000.0000  0.25371024e-16 -100.85 0.29348737e-13   35.99 0.46107920e-17 -167.02
      14250.0000  0.24056871e-16 -100.84 0.27836921e-13   35.98 0.39233701e-17 -160.38
      14500.0000  0.22831697e-16 -100.83 0.26427072e-13   35.97 0.33468067e-17 -153.84
      14750.0000  0.21688160e-16 -100.82 0.25110664e-13   35.96 0.28617920e-17 -147.37
      15000.0000  0.20619625e-16 -100.81 0.23880034e-13   35.95 0.24525941e-17 -140.95
   % Range crossline_B_amp crossline_B_phs inline_e_amp inline_e_phs  vertical_e_amp vertical_e_phs 
          0.0000  0.36322435e-12 -179.72 0.17537467e-07    0.16 0.17332130e-06    0.28
        250.0000  0.39592587e-12 -177.14 0.70445641e-10  179.69 0.60107490e-09 -179.65
        500.0000  0.59692406e-13 -172.17 0.10049717e-09 -173.21 0.53513400e-10 -178.35
        750.0000  0.17775451e-13 -165.73 0.32597145e-10 -166.79 0.12237924e-10 -175.56
       1000.0000  0.69569026e-14 -158.12 0.13099055e-10 -159.18 0.40982233e-11 -171.47
       1250.0000  0.31721878e-14 -149.43 0.60512498e-11 -150.49 0.16711346e-11 -166.37
       1500.0000  0.16064014e-14 -139.75 0.30898054e-11 -140.81 0.77050437e-12 -160.36
       1750.0000  0.88247948e-15 -129.25 0.17076496e-11 -130.33 0.38869384e-12 -153.40
       2000.0000  0.51788924e-15 -118.22 0.10067402e-11 -119.32 0.21106327e-12 -145.48
       2250.0000  0.32050469e-15 -106.93 0.62516876e-12 -108.08 0.12204678e-12 -136.68
       2500.0000  0.20674748e-15  -95.59 0.40427030e-12  -96.79 0.74435342e-13 -127.18
       2750.0000  0.13763111e-15  -84.32 0.26958546e-12  -85.55 0.47426898e-13 -117.19
       3000.0000  0.93799854e-16  -73.16 0.18394912e-12  -74.42 0.31283328e-13 -106.88
       3250.0000  0.65056637e-16  -62.10 0.12768574e-12  -63.39 0.21192513e-13  -96.40
       3500.0000  0.45718784e-16  -51.12 0.89782786e-13  -52.43 0.14649535e-13  -85.82
       3750.0000  0.32453627e-16  -40.20 0.63758506e-13  -41.52 0.10282129e-13  -75.19
       4000.0000  0.23218769e-16  -29.31 0.45629281e-13  -30.64 0.73007496e-14  -64.53
       4250.0000  0.16716250e-16  -18.43 0.32858046e-13  -19.77 0.52302413e-14  -53.85
       4500.0000  0.12096839e-16   -7.54 0.23782232e-13   -8.89 0.37732291e-14  -43.14
       4750.0000  0.87919809e-17    3.36 0.17287482e-13    2.01 0.27374171e-14  -32.42
       5000.0000  0.64140862e-17   14.30 0.12613496e-13   12.95 0.19951249e-14  -21.67
       5250.0000  0.46951232e-17   25.29 0.92341788e-14   23.94 0.14597728e-14  -10.90
       5500.0000  0.34476135e-17   36.34 0.67813809e-14   34.98 0.10716673e-14   -0.10
       5750.0000  0.25392127e-17   47.45 0.49951286e-14   46.09 0.78910561e-15   10.73
       6000.0000  0.18757958e-17   58.64 0.36904780e-14   57.28 0.58264641e-15   21.60
       6250.0000  0.13900094e-17   69.91 0.27350609e-14   68.55 0.43132796e-15   32.50
       6500.0000  0.10334133e-17   81.26 0.20336640e-14   79.90 0.32012318e-15   43.44
       6750.0000  0.77102302e-18   92.70 0.15175143e-14   91.34 0.23819866e-15   54.43
       7000.0000  0.57748446e-18  104.22 0.11367648e-14  102.86 0.17770805e-15   65.46
       7250.0000  0.43436896e-18  115.82 0.85518180e-15  114.45 0.13294649e-15   76.52
       7500.0000  0.32824910e-18  127.48 0.64636286e-15  126.11 0.99752746e-16   87.62
       7750.0000  0.24932150e-18  139.18 0.49103054e-15  137.80 0.75083275e-16   98.76
       8000.0000  0.19041648e-18  150.90 0.37508568e-15  149.52 0.56706852e-16  109.91
       8250.0000  0.14628309e-18  162.61 0.28820174e-15  161.22 0.42984509e-16  121.07
       8500.0000  0.11307091e-18  174.27 0.22280617e-15  172.87 0.32710218e-16  132.22
       8750.0000  0.87953541e-19 -174.16 0.17333997e-15 -175.57 0.24995157e-16  143.35
       9000.0000  0.68854043e-19 -162.71 0.13571796e-15 -164.13 0.19183337e-16  154.43
       9250.0000  0.54244485e-19 -151.43 0.10693452e-15 -152.87 0.14789955e-16  165.43
       9500.0000  0.42999188e-19 -140.35 0.84775077e-16 -141.80 0.11456233e-16  176.34
       9750.0000  0.34287228e-19 -129.51 0.67604679e-16 -130.97 0.89162801e-17 -172.89
      10000.0000  0.27493664e-19 -118.92 0.54213142e-16 -120.41 0.69727316e-17 -162.27
      10250.0000  0.22161834e-19 -108.62 0.43701581e-16 -110.12 0.54788243e-17 -151.83
      10500.0000  0.17951145e-19  -98.62 0.35399420e-16 -100.13 0.43251911e-17 -141.59
      10750.0000  0.14606234e-19  -88.91 0.28803758e-16  -90.44 0.34301270e-17 -131.59
      11000.0000  0.11934472e-19  -79.51 0.23535142e-16  -81.06 0.27324120e-17 -121.83
      11250.0000  0.97895757e-20  -70.42 0.19305337e-16  -71.97 0.21860180e-17 -112.33
      11500.0000  0.80596583e-20  -61.61 0.15893828e-16  -63.18 0.17562040e-17 -103.10
      11750.0000  0.66585153e-20  -53.09 0.13130682e-16  -54.68 0.14166347e-17  -94.14
      12000.0000  0.55192476e-20  -44.84 0.10883995e-16  -46.44 0.11472541e-17  -85.47
      12250.0000  0.45895787e-20  -36.84 0.90506792e-17  -38.45 0.93271310e-18  -77.07
      12500.0000  0.38283940e-20  -29.08 0.75496490e-17  -30.70 0.76120592e-18  -68.95
      12750.0000  0.32031683e-20  -21.54 0.63167534e-17  -23.17 0.62360662e-18  -61.09
      13000.0000  0.26880368e-20  -14.20 0.53009761e-17  -15.84 0.51282636e-18  -53.49
      13250.0000  0.22623370e-20   -7.04 0.44615615e-17   -8.69 0.42333311e-18  -46.12
      13500.0000  0.19094972e-20   -0.04 0.37658234e-17   -1.70 0.35079117e-18  -38.98
      13750.0000  0.16161811e-20    6.82 0.31874577e-17    5.16 0.29178904e-18  -32.03
      14000.0000  0.13716242e-20   13.56 0.27052342e-17   11.89 0.24363302e-18  -25.27
      14250.0000  0.11671151e-20   20.19 0.23019734e-17   18.52 0.20418961e-18  -18.67
      14500.0000  0.99558755e-21   26.74 0.19637404e-17   25.06 0.17176436e-18  -12.21
      14750.0000  0.85129690e-21   33.21 0.16792077e-17   31.53 0.14500832e-18   -5.86
      15000.0000  0.72956283e-21   39.63 0.14391470e-17   37.94 0.12284529e-18    0.39
