0.0000  0.30014263e-06  179.82 0.30084003e-10 -179.43 0.79941889e-12    0.35
        250.0000  0.40972692e-08  178.80 0.96158438e-13 -147.15 0.14963957e-11    5.20
        500.0000  0.83147865e-09  178.85 0.79136419e-13 -160.06 0.37959618e-12   13.46
        750.0000  0.32078860e-09 -179.64 0.57047022e-13 -160.16 0.16190751e-12   22.69
       1000.0000  0.16248300e-09 -176.70 0.40640892e-13 -157.47 0.85494912e-13   32.29
       1250.0000  0.95109972e-10 -172.72 0.29670300e-13 -153.73 0.50582192e-13   41.95
       1500.0000  0.60650569e-10 -168.16 0.22228451e-13 -149.48 0.32074702e-13   51.50
       1750.0000  0.40846384e-10 -163.35 0.17016475e-13 -144.98 0.21293159e-13   60.86
       2000.0000  0.28544242e-10 -158.56 0.13250744e-13 -140.39 0.14594920e-13   69.96
       2250.0000  0.20479902e-10 -153.95 0.10456975e-13 -135.83 0.10237479e-13   78.76
       2500.0000  0.14987131e-10 -149.66 0.83394606e-14 -131.40 0.73046956e-14   87.22
       2750.0000  0.11140072e-10 -145.78 0.67071463e-14 -127.14 0.52793261e-14   95.31
       3000.0000  0.83894095e-11 -142.40 0.54321487e-14 -123.13 0.38527030e-14  103.00
       3250.0000  0.63920301e-11 -139.58 0.44260177e-14 -119.40 0.28323360e-14  110.26
       3500.0000  0.49246426e-11 -137.35 0.36257594e-14 -115.98 0.20938381e-14  117.04
       3750.0000  0.38370199e-11 -135.75 0.29853501e-14 -112.90 0.15544590e-14  123.30
       4000.0000  0.30252806e-11 -134.78 0.24704215e-14 -110.17 0.11578105e-14  128.98
       4250.0000  0.24159277e-11 -134.39 0.20548302e-14 -107.82 0.86469556e-15  134.02
       4500.0000  0.19559665e-11 -134.52 0.17183799e-14 -105.82 0.64740935e-15  138.36
       4750.0000  0.16066109e-11 -135.08 0.14452687e-14 -104.19 0.48609450e-15  141.90
       5000.0000  0.13391838e-11 -135.95 0.12230051e-14 -102.90 0.36634759e-15  144.56
       5250.0000  0.11323839e-11 -136.98 0.10416348e-14 -101.92 0.27761113e-15  146.26
       5500.0000  0.97040643e-12 -138.08 0.89317949e-15 -101.23 0.21207011e-15  146.94
       5750.0000  0.84159498e-12 -139.13 0.77122121e-15 -100.77 0.16388057e-15  146.59
       6000.0000  0.73742789e-12 -140.08 0.67058902e-15 -100.51 0.12862381e-15  145.28
       6250.0000  0.65173198e-12 -140.89 0.58711849e-15 -100.40 0.10292205e-15  143.19
       6500.0000  0.58006617e-12 -141.55 0.51746258e-15 -100.40 0.84175873e-16  140.60
       6750.0000  0.51924414e-12 -142.05 0.45893976e-15 -100.47 0.70393324e-16  137.82
       7000.0000  0.46697315e-12 -142.43 0.40940977e-15 -100.58 0.60078384e-16  135.16
       7250.0000  0.42158823e-12 -142.70 0.36717056e-15 -100.71 0.52145872e-16  132.83
       7500.0000  0.38186140e-12 -142.88 0.33087255e-15 -100.83 0.45841266e-16  130.95
       7750.0000  0.34686803e-12 -143.00 0.29944730e-15 -100.94 0.40661110e-16  129.53
       8000.0000  0.31589460e-12 -143.07 0.27204885e-15 -101.04 0.36280329e-16  128.53
       8250.0000  0.28837610e-12 -143.12 0.24800594e-15 -101.11 0.32493092e-16  127.89
       8500.0000  0.26385382e-12 -143.15 0.22678369e-15 -101.15 0.29169336e-16  127.52
       8750.0000  0.24194697e-12 -143.17 0.20795322e-15 -101.18 0.26225252e-16  127.34
       9000.0000  0.22233372e-12 -143.19 0.19116795e-15 -101.20 0.23604392e-16  127.31
       9250.0000  0.20473823e-12 -143.21 0.17614518e-15 -101.19 0.21266144e-16  127.35
       9500.0000  0.18892177e-12 -143.23 0.16265202e-15 -101.18 0.19178969e-16  127.44
       9750.0000  0.17467636e-12 -143.26 0.15049466e-15 -101.17 0.17316599e-16  127.54
      10000.0000  0.16182015e-12 -143.30 0.13951014e-15 -101.14 0.15655992e-16  127.64
      10250.0000  0.15019379e-12 -143.33 0.12956018e-15 -101.12 0.14176297e-16  127.71
      10500.0000  0.13965755e-12 -143.37 0.12052645e-15 -101.09 0.12858381e-16  127.76
      10750.0000  0.13008888e-12 -143.41 0.11230690e-15 -101.07 0.11684631e-16  127.77
      11000.0000  0.12138033e-12 -143.45 0.10481298e-15 -101.05 0.10638896e-16  127.76
      11250.0000  0.11343771e-12 -143.50 0.97967465e-16 -101.02 0.97064617e-17  127.72
      11500.0000  0.10617843e-12 -143.53 0.91702675e-16 -101.00 0.88740405e-17  127.67
      11750.0000  0.99530070e-13 -143.57 0.85959105e-16 -100.99 0.81297286e-17  127.59
      12000.0000  0.93429080e-13 -143.61 0.80684277e-16 -100.97 0.74629481e-17  127.51
      12250.0000  0.87819624e-13 -143.64 0.75831791e-16 -100.96 0.68643648e-17  127.42
      12500.0000  0.82652577e-13 -143.67 0.71360538e-16 -100.95 0.63257900e-17  127.33
      12750.0000  0.77884638e-13 -143.69 0.67234022e-16 -100.94 0.58400730e-17  127.23
      13000.0000  0.73477560e-13 -143.72 0.63419789e-16 -100.93 0.54009896e-17  127.15
      13250.0000  0.69397483e-13 -143.74 0.59888929e-16 -100.92 0.50031338e-17  127.06
      13500.0000  0.65614358e-13 -143.76 0.56615647e-16 -100.91 0.46418137e-17  126.98
      13750.0000  0.62101449e-13 -143.78 0.53576889e-16 -100.90 0.43129563e-17  126.91
      14000.0000  0.58834907e-13 -143.79 0.50752019e-16 -100.90 0.40130216e-17  126.85
      14250.0000  0.55793409e-13 -143.81 0.48122531e-16 -100.89 0.37389271e-17  126.79
      14500.0000  0.52957840e-13 -143.82 0.45671802e-16 -100.89 0.34879818e-17  126.73
      14750.0000  0.50311023e-13 -143.83 0.43384878e-16 -100.88 0.32578293e-17  126.69
      15000.0000  0.47837493e-13 -143.84 0.41248280e-16 -100.88 0.30463999e-17  126.64
