          0.0000  0.30014260e-06  179.82 0.30084019e-10 -179.43 0.79941888e-12    0.35
        250.0000  0.40972395e-08  178.80 0.96170235e-13 -147.16 0.14963956e-11    5.20
        500.0000  0.83144978e-09  178.85 0.79149974e-13 -160.07 0.37959592e-12   13.46
        750.0000  0.32076120e-09 -179.64 0.57060068e-13 -160.17 0.16190718e-12   22.69
       1000.0000  0.16245758e-09 -176.69 0.40652961e-13 -157.48 0.85494538e-13   32.29
       1250.0000  0.95086862e-10 -172.72 0.29681205e-13 -153.74 0.50581810e-13   41.95
       1500.0000  0.60629938e-10 -168.15 0.22238129e-13 -149.50 0.32074335e-13   51.50
       1750.0000  0.40828247e-10 -163.35 0.17024941e-13 -144.99 0.21292819e-13   60.87
       2000.0000  0.28528499e-10 -158.55 0.13258063e-13 -140.41 0.14594612e-13   69.97
       2250.0000  0.20466378e-10 -153.94 0.10463239e-13 -135.85 0.10237200e-13   78.77
       2500.0000  0.14975615e-10 -149.65 0.83447756e-14 -131.41 0.73044417e-14   87.23
       2750.0000  0.11130341e-10 -145.77 0.67116193e-14 -127.16 0.52790906e-14   95.32
       3000.0000  0.83812509e-11 -142.40 0.54358816e-14 -123.14 0.38524798e-14  103.01
       3250.0000  0.63852477e-11 -139.57 0.44291046e-14 -119.41 0.28321198e-14  110.27
       3500.0000  0.49190610e-11 -137.35 0.36282853e-14 -115.99 0.20936253e-14  117.05
       3750.0000  0.38324838e-11 -135.76 0.29873913e-14 -112.90 0.15542472e-14  123.31
       4000.0000  0.30216512e-11 -134.79 0.24720466e-14 -110.17 0.11575991e-14  129.00
       4250.0000  0.24130796e-11 -134.41 0.20561010e-14 -107.81 0.86448479e-15  134.05
       4500.0000  0.19537835e-11 -134.56 0.17193520e-14 -105.82 0.64720064e-15  138.38
       4750.0000  0.16049845e-11 -135.12 0.14459924e-14 -104.18 0.48588999e-15  141.93
       5000.0000  0.13380125e-11 -135.99 0.12235254e-14 -102.89 0.36614999e-15  144.59
       5250.0000  0.11315740e-11 -137.03 0.10419920e-14 -101.91 0.27742360e-15  146.29
       5500.0000  0.96987449e-12 -138.13 0.89340922e-15 -101.21 0.21189605e-15  146.96
       5750.0000  0.84126892e-12 -139.18 0.77135412e-15 -100.75 0.16372334e-15  146.61
       6000.0000  0.73724822e-12 -140.13 0.67065112e-15 -100.49 0.12848643e-15  145.29
       6250.0000  0.65165152e-12 -140.93 0.58713118e-15 -100.38 0.10280661e-15  143.19
       6500.0000  0.58004903e-12 -141.58 0.51744293e-15 -100.39 0.84083078e-16  140.58
       6750.0000  0.51926406e-12 -142.09 0.45890090e-15 -100.46 0.70322298e-16  137.79
       7000.0000  0.46701172e-12 -142.46 0.40936136e-15 -100.57 0.60026827e-16  135.12
       7250.0000  0.42163309e-12 -142.72 0.36711941e-15 -100.70 0.52110594e-16  132.79
       7500.0000  0.38190477e-12 -142.90 0.33082309e-15 -100.83 0.45818797e-16  130.90
       7750.0000  0.34690541e-12 -143.01 0.29940221e-15 -100.94 0.40648177e-16  129.48
       8000.0000  0.31592377e-12 -143.08 0.27200946e-15 -101.04 0.36274126e-16  128.49
       8250.0000  0.28839640e-12 -143.13 0.24797268e-15 -101.11 0.32491366e-16  127.85
       8500.0000  0.26386554e-12 -143.15 0.22675638e-15 -101.16 0.29170374e-16  127.48
       8750.0000  0.24195099e-12 -143.17 0.20793135e-15 -101.19 0.26227804e-16  127.31
       9000.0000  0.22233118e-12 -143.19 0.19115081e-15 -101.20 0.23607587e-16  127.28
       9250.0000  0.20473039e-12 -143.21 0.17613201e-15 -101.20 0.21269402e-16  127.33
       9500.0000  0.18890982e-12 -143.23 0.16264209e-15 -101.19 0.19181934e-16  127.42
       9750.0000  0.17466142e-12 -143.26 0.15048729e-15 -101.17 0.17319075e-16  127.53
      10000.0000  0.16180317e-12 -143.30 0.13950475e-15 -101.15 0.15657896e-16  127.63
      10250.0000  0.15017558e-12 -143.34 0.12955628e-15 -101.12 0.14177624e-16  127.70
      10500.0000  0.13963875e-12 -143.38 0.12052365e-15 -101.10 0.12859171e-16  127.75
      10750.0000  0.13006999e-12 -143.42 0.11230488e-15 -101.07 0.11684954e-16  127.77
      11000.0000  0.12136173e-12 -143.46 0.10481152e-15 -101.05 0.10638831e-16  127.76
      11250.0000  0.11341966e-12 -143.50 0.97966371e-16 -101.03 0.97060925e-17  127.72
      11500.0000  0.10616111e-12 -143.54 0.91701824e-16 -101.01 0.88734438e-17  127.67
      11750.0000  0.99513591e-13 -143.58 0.85958406e-16 -100.99 0.81289727e-17  127.59
      12000.0000  0.93413496e-13 -143.61 0.80683667e-16 -100.98 0.74620908e-17  127.51
      12250.0000  0.87804950e-13 -143.64 0.75831230e-16 -100.96 0.68634529e-17  127.42
      12500.0000  0.82638801e-13 -143.67 0.71359999e-16 -100.95 0.63248597e-17  127.32
      12750.0000  0.77871728e-13 -143.70 0.67233491e-16 -100.94 0.58391510e-17  127.23
      13000.0000  0.73465472e-13 -143.72 0.63419258e-16 -100.93 0.54000950e-17  127.14
      13250.0000  0.69386167e-13 -143.75 0.59888395e-16 -100.92 0.50022791e-17  127.06
      13500.0000  0.65603760e-13 -143.77 0.56615110e-16 -100.91 0.46410064e-17  126.98
      13750.0000  0.62091514e-13 -143.78 0.53576351e-16 -100.91 0.43121999e-17  126.91
      14000.0000  0.58825584e-13 -143.80 0.50751481e-16 -100.90 0.40123171e-17  126.84
      14250.0000  0.55784648e-13 -143.81 0.48121995e-16 -100.89 0.37382735e-17  126.78
      14500.0000  0.52949594e-13 -143.83 0.45671271e-16 -100.89 0.34873767e-17  126.73
      14750.0000  0.50303251e-13 -143.84 0.43384353e-16 -100.88 0.32572699e-17  126.68
      15000.0000  0.47830156e-13 -143.85 0.41247764e-16 -100.88 0.30458827e-17  126.64
